mu	nt
6.05535	-1.59E-22
6.05735	1.32E-22
6.05935	-1.32E-22
6.06135	2.91E-22
6.06335	7.94E-23
6.06535	-3.44E-22
6.06735	5.29E-23
6.06935	-1.59E-22
6.07135	0.00E+00
6.07335	1.06E-22
6.07535	-1.85E-22
6.07735	-1.85E-22
6.07935	5.29E-23
6.08135	-1.32E-22
6.08335	2.65E-22
6.08535	-7.94E-23
6.08735	-2.12E-22
6.08935	-2.65E-23
6.09135	0.00E+00
6.09335	-1.85E-22
6.09535	0.00E+00
6.09735	7.94E-23
6.09935	1.32E-22
6.10135	-2.12E-22
6.10335	-1.32E-22
6.10535	0.00E+00
6.10735	5.29E-23
6.10935	-1.06E-22
6.11135	-7.94E-23
6.11335	-2.91E-22
6.11535	-1.06E-22
6.11735	-1.06E-22
6.11935	2.65E-22
6.12135	1.32E-22
6.12335	-4.24E-22
6.12535	5.29E-23
6.12735	1.32E-22
6.12935	5.29E-23
6.13135	2.91E-22
6.13335	7.94E-23
6.13535	7.94E-23
6.13735	0.00E+00
6.13935	1.85E-22
6.14135	-1.85E-22
6.14335	7.94E-23
6.14535	-2.65E-23
6.14735	2.65E-23
6.14935	2.65E-23
6.15135	-5.29E-23
6.15335	-2.65E-22
6.15535	0.00E+00
6.15735	-2.91E-22
6.15935	1.06E-22
6.16135	-1.06E-22
6.16335	-1.32E-22
6.16535	1.59E-22
6.16735	7.94E-23
6.16935	5.29E-23
6.17135	7.94E-23
6.17335	0.00E+00
6.17535	7.94E-23
6.17735	1.59E-22
6.17935	-1.06E-22
6.18135	-2.38E-22
6.18335	1.59E-22
6.18535	-1.59E-22
6.18735	-5.29E-23
6.18935	2.65E-23
6.19135	1.59E-22
6.19335	-2.65E-23
6.19535	-7.94E-23
6.19735	-2.65E-23
6.19935	5.29E-23
6.20135	5.29E-23
6.20335	1.85E-22
6.20535	2.65E-23
6.20735	-7.94E-23
6.20935	-5.29E-23
6.21135	-2.91E-22
6.21335	5.29E-23
6.21535	-2.12E-22
6.21735	2.65E-23
6.21935	-2.12E-22
6.22135	0.00E+00
6.22335	7.94E-23
6.22535	1.59E-22
6.22735	-5.29E-23
6.22935	-1.85E-22
6.23135	-2.65E-23
6.23335	-1.06E-22
6.23535	-3.18E-22
6.23735	-5.29E-23
6.23935	1.59E-22
6.24135	-2.65E-22
6.24335	1.32E-22
6.24535	0.00E+00
6.24735	1.59E-22
6.24935	5.29E-23
6.25135	-2.38E-22
6.25335	2.38E-22
6.25535	-1.59E-22
6.25735	-2.12E-22
6.25935	0.00E+00
6.26135	-2.65E-23
6.26335	2.65E-22
6.26535	-1.32E-22
6.26735	-1.32E-22
6.26935	-5.29E-23
6.27135	-1.85E-22
6.27335	7.94E-23
6.27535	1.32E-22
6.27735	1.59E-22
6.27935	2.12E-22
6.28135	-2.12E-22
6.28335	2.65E-23
6.28535	0.00E+00
6.28735	1.59E-22
6.28935	-7.94E-23
6.29135	2.65E-23
6.29335	-7.94E-23
6.29535	2.38E-22
6.29735	-7.94E-23
6.29935	5.29E-23
6.30135	7.94E-23
6.30335	-4.24E-22
6.30535	1.59E-22
6.30735	-2.12E-22
6.30935	7.94E-23
6.31135	0.00E+00
6.31335	7.94E-23
6.31535	5.29E-23
6.31735	-1.32E-22
6.31935	1.59E-22
6.32135	1.59E-22
6.32335	5.29E-23
6.32535	1.59E-22
6.32735	-5.29E-23
6.32935	0.00E+00
6.33135	7.94E-23
6.33335	-7.94E-23
6.33535	1.59E-22
6.33735	-5.29E-23
6.33935	-7.94E-23
6.34135	-3.44E-22
6.34335	2.65E-23
6.34535	-1.06E-22
6.34735	5.29E-23
6.34935	-3.18E-22
6.35135	5.29E-23
6.35335	-1.32E-22
6.35535	1.59E-22
6.35735	-2.38E-22
6.35935	0.00E+00
6.36135	-3.71E-22
6.36335	-1.85E-22
6.36535	-1.32E-22
6.36735	-4.50E-22
6.36935	5.29E-23
6.37135	1.06E-22
6.37335	-2.65E-23
6.37535	-1.85E-22
6.37735	-7.94E-23
6.37935	-2.65E-23
6.38135	-1.85E-22
6.38335	-2.91E-22
6.38535	-2.38E-22
6.38735	-5.03E-22
6.38935	-3.97E-22
6.39135	-2.12E-22
6.39335	-2.12E-22
6.39535	-2.65E-22
6.39735	-2.65E-22
6.39935	-4.24E-22
6.40135	-3.71E-22
6.40335	-5.82E-22
6.40535	-5.82E-22
6.40735	-9.53E-22
6.40935	-6.35E-22
6.41135	-1.06E-21
6.41335	-1.11E-21
6.41535	-8.47E-22
6.41735	-1.32E-21
6.41935	-1.48E-21
6.42135	-1.43E-21
6.42335	-1.38E-21
6.42535	-1.80E-21
6.42735	-2.54E-21
6.42935	-2.01E-21
6.43135	-2.38E-21
6.43335	-2.54E-21
6.43535	-2.91E-21
6.43735	-3.28E-21
6.43935	-3.55E-21
6.44135	-4.08E-21
6.44335	-3.97E-21
6.44535	-4.34E-21
6.44735	-5.24E-21
6.44935	-5.14E-21
6.45135	-5.66E-21
6.45335	-6.25E-21
6.45535	-6.94E-21
6.45735	-7.52E-21
6.45935	-8.52E-21
6.46135	-8.84E-21
6.46335	-9.48E-21
6.46535	-1.01E-20
6.46735	-1.12E-20
6.46935	-1.22E-20
6.47135	-1.37E-20
6.47335	-1.47E-20
6.47535	-1.57E-20
6.47735	-1.73E-20
6.47935	-1.88E-20
6.48135	-2.02E-20
6.48335	-2.23E-20
6.48535	-2.41E-20
6.48735	-2.61E-20
6.48935	-2.85E-20
6.49135	-3.11E-20
6.49335	-3.38E-20
6.49535	-3.65E-20
6.49735	-3.95E-20
6.49935	-4.34E-20
6.50135	-4.70E-20
6.50335	-5.16E-20
6.50535	-5.59E-20
6.50735	-6.10E-20
6.50935	-6.63E-20
6.51135	-7.20E-20
6.51335	-7.84E-20
6.51535	-8.57E-20
6.51735	-9.32E-20
6.51935	-1.01E-19
6.52135	-1.11E-19
6.52335	-1.20E-19
6.52535	-1.31E-19
6.52735	-1.43E-19
6.52935	-1.55E-19
6.53135	-1.69E-19
6.53335	-1.84E-19
6.53535	-2.00E-19
6.53735	-2.18E-19
6.53935	-2.37E-19
6.54135	-2.59E-19
6.54335	-2.82E-19
6.54535	-3.07E-19
6.54735	-3.35E-19
6.54935	-3.65E-19
6.55135	-3.98E-19
6.55335	-4.33E-19
6.55535	-4.72E-19
6.55735	-5.15E-19
6.55935	-5.61E-19
6.56135	-6.11E-19
6.56335	-6.66E-19
6.56535	-7.27E-19
6.56735	-7.92E-19
6.56935	-8.64E-19
6.57135	-9.43E-19
6.57335	-1.03E-18
6.57535	-1.12E-18
6.57735	-1.22E-18
6.57935	-1.33E-18
6.58135	-1.45E-18
6.58335	-1.59E-18
6.58535	-1.73E-18
6.58735	-1.89E-18
6.58935	-2.06E-18
6.59135	-2.25E-18
6.59335	-2.46E-18
6.59535	-2.68E-18
6.59735	-2.93E-18
6.59935	-3.20E-18
6.60135	-3.49E-18
6.60335	-3.81E-18
6.60535	-4.17E-18
6.60735	-4.55E-18
6.60935	-4.97E-18
6.61135	-5.43E-18
6.61335	-5.94E-18
6.61535	-6.49E-18
6.61735	-7.09E-18
6.61935	-7.75E-18
6.62135	-8.48E-18
6.62335	-9.27E-18
6.62535	-1.01E-17
6.62735	-1.11E-17
6.62935	-1.21E-17
6.63135	-1.33E-17
6.63335	-1.45E-17
6.63535	-1.59E-17
6.63735	-1.74E-17
6.63935	-1.90E-17
6.64135	-2.08E-17
6.64335	-2.28E-17
6.64535	-2.50E-17
6.64735	-2.74E-17
6.64935	-3.00E-17
6.65135	-3.29E-17
6.65335	-3.60E-17
6.65535	-3.95E-17
6.65735	-4.33E-17
6.65935	-4.75E-17
6.66135	-5.21E-17
6.66335	-5.72E-17
6.66535	-6.27E-17
6.66735	-6.88E-17
6.66935	-7.56E-17
6.67135	-8.30E-17
6.67335	-9.11E-17
6.67535	-1.00E-16
6.67735	-1.10E-16
6.67935	-1.21E-16
6.68135	-1.33E-16
6.68335	-1.46E-16
6.68535	-1.61E-16
6.68735	-1.77E-16
6.68935	-1.94E-16
6.69135	-2.14E-16
6.69335	-2.36E-16
6.69535	-2.60E-16
6.69735	-2.86E-16
6.69935	-3.15E-16
6.70135	-3.47E-16
6.70335	-3.83E-16
6.70535	-4.22E-16
6.70735	-4.66E-16
6.70935	-5.14E-16
6.71135	-5.68E-16
6.71335	-6.27E-16
6.71535	-6.93E-16
6.71735	-7.66E-16
6.71935	-8.47E-16
6.72135	-9.37E-16
6.72335	-1.04E-15
6.72535	-1.15E-15
6.72735	-1.27E-15
6.72935	-1.41E-15
6.73135	-1.56E-15
6.73335	-1.73E-15
6.73535	-1.92E-15
6.73735	-2.14E-15
6.73935	-2.37E-15
6.74135	-2.64E-15
6.74335	-2.93E-15
6.74535	-3.26E-15
6.74735	-3.63E-15
6.74935	-4.04E-15
6.75135	-4.50E-15
6.75335	-5.02E-15
6.75535	-5.60E-15
6.75735	-6.26E-15
6.75935	-6.99E-15
6.76135	-7.81E-15
6.76335	-8.74E-15
6.76535	-9.79E-15
6.76735	-1.10E-14
6.76935	-1.23E-14
6.77135	-1.38E-14
6.77335	-1.55E-14
6.77535	-1.74E-14
6.77735	-1.96E-14
6.77935	-2.20E-14
6.78135	-2.48E-14
6.78335	-2.79E-14
6.78535	-3.15E-14
6.78735	-3.56E-14
6.78935	-4.02E-14
6.79135	-4.55E-14
6.79335	-5.15E-14
6.79535	-5.83E-14
6.79735	-6.61E-14
6.79935	-7.51E-14
6.80135	-8.53E-14
6.80335	-9.69E-14
6.80535	-1.10E-13
6.80735	-1.26E-13
6.80935	-1.43E-13
6.81135	-1.63E-13
6.81335	-1.87E-13
6.81535	-2.13E-13
6.81735	-2.44E-13
6.81935	-2.80E-13
6.82135	-3.20E-13
6.82335	-3.67E-13
6.82535	-4.22E-13
6.82735	-4.84E-13
6.82935	-5.57E-13
6.83135	-6.41E-13
6.83335	-7.38E-13
6.83535	-8.50E-13
6.83735	-9.80E-13
6.83935	-1.13E-12
6.84135	-1.31E-12
6.84335	-1.51E-12
6.84535	-1.74E-12
6.84735	-2.02E-12
6.84935	-2.33E-12
6.85135	-2.70E-12
6.85335	-3.13E-12
6.85535	-3.62E-12
6.85735	-4.20E-12
6.85935	-4.87E-12
6.86135	-5.66E-12
6.86335	-6.57E-12
6.86535	-7.62E-12
6.86735	-8.86E-12
6.86935	-1.03E-11
6.87135	-1.20E-11
6.87335	-1.39E-11
6.87535	-1.62E-11
6.87735	-1.88E-11
6.87935	-2.19E-11
6.88135	-2.55E-11
6.88335	-2.97E-11
6.88535	-3.45E-11
6.88735	-4.02E-11
6.88935	-4.68E-11
6.89135	-5.46E-11
6.89335	-6.36E-11
6.89535	-7.41E-11
6.89735	-8.63E-11
6.89935	-1.01E-10
6.90135	-1.17E-10
6.90335	-1.37E-10
6.90535	-1.59E-10
6.90735	-1.86E-10
6.90935	-2.17E-10
6.91135	-2.53E-10
6.91335	-2.95E-10
6.91535	-3.44E-10
6.91735	-4.01E-10
6.91935	-4.68E-10
6.92135	-5.46E-10
6.92335	-6.37E-10
6.92535	-7.43E-10
6.92735	-8.67E-10
6.92935	-1.01E-09
6.93135	-1.18E-09
6.93335	-1.38E-09
6.93535	-1.61E-09
6.93735	-1.87E-09
6.93935	-2.19E-09
6.94135	-2.55E-09
6.94335	-2.98E-09
6.94535	-3.48E-09
6.94735	-4.06E-09
6.94935	-4.74E-09
6.95135	-5.53E-09
6.95335	-6.45E-09
6.95535	-7.53E-09
6.95735	-8.79E-09
6.95935	-1.03E-08
6.96135	-1.20E-08
6.96335	-1.40E-08
6.96535	-1.63E-08
6.96735	-1.90E-08
6.96935	-2.22E-08
6.97135	-2.59E-08
6.97335	-3.03E-08
6.97535	-3.53E-08
6.97735	-4.12E-08
6.97935	-4.81E-08
6.98135	-5.61E-08
6.98335	-6.55E-08
6.98535	-7.64E-08
6.98735	-8.92E-08
6.98935	-1.04E-07
6.99135	-1.21E-07
6.99335	-1.42E-07
6.99535	-1.65E-07
6.99735	-1.93E-07
6.99935	-2.25E-07
7.00135	-2.63E-07
7.00335	-3.06E-07
7.00535	-3.57E-07
7.00735	-4.16E-07
7.00935	-4.85E-07
7.01135	-5.65E-07
7.01335	-6.59E-07
7.01535	-7.67E-07
7.01735	-8.93E-07
7.01935	-1.04E-06
7.02135	-1.21E-06
7.02335	-1.41E-06
7.02535	-1.63E-06
7.02735	-1.90E-06
7.02935	-2.20E-06
7.03135	-2.55E-06
7.03335	-2.95E-06
7.03535	-3.40E-06
7.03735	-3.93E-06
7.03935	-4.52E-06
7.04135	-5.19E-06
7.04335	-5.95E-06
7.04535	-6.80E-06
7.04735	-7.74E-06
7.04935	-8.79E-06
7.05135	-9.93E-06
7.05335	-1.12E-05
7.05535	-1.25E-05
7.05735	-1.39E-05
7.05935	-1.53E-05
7.06135	-1.68E-05
7.06335	-1.82E-05
7.06535	-1.96E-05
7.06735	-2.10E-05
7.06935	-2.21E-05
7.07135	-2.31E-05
7.07335	-2.39E-05
7.07535	-2.44E-05
7.07735	-2.46E-05
7.07935	-2.46E-05
7.08135	-2.42E-05
7.08335	-2.36E-05
7.08535	-2.27E-05
7.08735	-2.16E-05
7.08935	-2.04E-05
7.09135	-1.90E-05
7.09335	-1.76E-05
7.09535	-1.61E-05
7.09735	-1.47E-05
7.09935	-1.33E-05
7.10135	-1.19E-05
7.10335	-1.06E-05
7.10535	-9.42E-06
7.10735	-8.32E-06
7.10935	-7.32E-06
7.11135	-6.42E-06
7.11335	-5.61E-06
7.11535	-4.89E-06
7.11735	-4.25E-06
7.11935	-3.69E-06
7.12135	-3.20E-06
7.12335	-2.77E-06
7.12535	-2.39E-06
7.12735	-2.06E-06
7.12935	-1.78E-06
7.13135	-1.53E-06
7.13335	-1.32E-06
7.13535	-1.13E-06
7.13735	-9.74E-07
7.13935	-8.37E-07
7.14135	-7.19E-07
7.14335	-6.17E-07
7.14535	-5.30E-07
7.14735	-4.54E-07
7.14935	-3.90E-07
7.15135	-3.34E-07
7.15335	-2.87E-07
7.15535	-2.46E-07
7.15735	-2.11E-07
7.15935	-1.81E-07
7.16135	-1.55E-07
7.16335	-1.33E-07
7.16535	-1.14E-07
7.16735	-9.76E-08
7.16935	-8.37E-08
7.17135	-7.17E-08
7.17335	-6.15E-08
7.17535	-5.27E-08
7.17735	-4.52E-08
7.17935	-3.87E-08
7.18135	-3.32E-08
7.18335	-2.85E-08
7.18535	-2.44E-08
7.18735	-2.09E-08
7.18935	-1.79E-08
7.19135	-1.54E-08
7.19335	-1.32E-08
7.19535	-1.13E-08
7.19735	-9.69E-09
7.19935	-8.31E-09
7.20135	-7.13E-09
7.20335	-6.11E-09
7.20535	-5.25E-09
7.20735	-4.50E-09
7.20935	-3.86E-09
7.21135	-3.31E-09
7.21335	-2.84E-09
7.21535	-2.44E-09
7.21735	-2.09E-09
7.21935	-1.80E-09
7.22135	-1.54E-09
7.22335	-1.33E-09
7.22535	-1.14E-09
7.22735	-9.79E-10
7.22935	-8.42E-10
7.23135	-7.23E-10
7.23335	-6.22E-10
7.23535	-5.35E-10
7.23735	-4.60E-10
7.23935	-3.96E-10
7.24135	-3.41E-10
7.24335	-2.94E-10
7.24535	-2.53E-10
7.24735	-2.18E-10
7.24935	-1.88E-10
7.25135	-1.62E-10
7.25335	-1.40E-10
7.25535	-1.21E-10
7.25735	-1.04E-10
7.25935	-9.01E-11
7.26135	-7.79E-11
7.26335	-6.74E-11
7.26535	-5.84E-11
7.26735	-5.06E-11
7.26935	-4.38E-11
7.27135	-3.80E-11
7.27335	-3.30E-11
7.27535	-2.87E-11
7.27735	-2.49E-11
7.27935	-2.17E-11
7.28135	-1.89E-11
7.28335	-1.64E-11
7.28535	-1.43E-11
7.28735	-1.25E-11
7.28935	-1.09E-11
7.29135	-9.54E-12
7.29335	-8.35E-12
7.29535	-7.31E-12
7.29735	-6.41E-12
7.29935	-5.62E-12
7.30135	-4.93E-12
7.30335	-4.34E-12
7.30535	-3.81E-12
7.30735	-3.36E-12
7.30935	-2.96E-12
7.31135	-2.61E-12
7.31335	-2.30E-12
7.31535	-2.03E-12
7.31735	-1.80E-12
7.31935	-1.59E-12
7.32135	-1.41E-12
7.32335	-1.25E-12
7.32535	-1.11E-12
7.32735	-9.84E-13
7.32935	-8.75E-13
7.33135	-7.78E-13
7.33335	-6.92E-13
7.33535	-6.17E-13
7.33735	-5.50E-13
7.33935	-4.90E-13
7.34135	-4.38E-13
7.34335	-3.91E-13
7.34535	-3.49E-13
7.34735	-3.13E-13
7.34935	-2.80E-13
7.35135	-2.51E-13
7.35335	-2.25E-13
7.35535	-2.01E-13
7.35735	-1.81E-13
7.35935	-1.62E-13
7.36135	-1.46E-13
7.36335	-1.31E-13
7.36535	-1.18E-13
7.36735	-1.06E-13
7.36935	-9.55E-14
7.37135	-8.60E-14
7.37335	-7.75E-14
7.37535	-6.99E-14
7.37735	-6.30E-14
7.37935	-5.69E-14
7.38135	-5.14E-14
7.38335	-4.64E-14
7.38535	-4.19E-14
7.38735	-3.79E-14
7.38935	-3.43E-14
7.39135	-3.10E-14
7.39335	-2.81E-14
7.39535	-2.54E-14
7.39735	-2.30E-14
7.39935	-2.08E-14
7.40135	-1.89E-14
7.40335	-1.71E-14
7.40535	-1.55E-14
7.40735	-1.41E-14
7.40935	-1.28E-14
7.41135	-1.16E-14
7.41335	-1.05E-14
7.41535	-9.57E-15
7.41735	-8.70E-15
7.41935	-7.90E-15
7.42135	-7.18E-15
7.42335	-6.53E-15
7.42535	-5.94E-15
7.42735	-5.40E-15
7.42935	-4.92E-15
7.43135	-4.48E-15
7.43335	-4.07E-15
7.43535	-3.71E-15
7.43735	-3.38E-15
7.43935	-3.08E-15
7.44135	-2.80E-15
7.44335	-2.56E-15
7.44535	-2.33E-15
7.44735	-2.12E-15
7.44935	-1.94E-15
7.45135	-1.77E-15
7.45335	-1.61E-15
7.45535	-1.47E-15
7.45735	-1.34E-15
7.45935	-1.22E-15
7.46135	-1.12E-15
7.46335	-1.02E-15
7.46535	-9.32E-16
7.46735	-8.51E-16
7.46935	-7.78E-16
7.47135	-7.11E-16
7.47335	-6.49E-16
7.47535	-5.93E-16
7.47735	-5.42E-16
7.47935	-4.96E-16
7.48135	-4.53E-16
7.48335	-4.14E-16
7.48535	-3.79E-16
7.48735	-3.47E-16
7.48935	-3.17E-16
7.49135	-2.90E-16
7.49335	-2.65E-16
7.49535	-2.43E-16
7.49735	-2.22E-16
7.49935	-2.03E-16
7.50135	-1.86E-16
7.50335	-1.71E-16
7.50535	-1.56E-16
7.50735	-1.43E-16
7.50935	-1.31E-16
7.51135	-1.20E-16
7.51335	-1.10E-16
7.51535	-1.01E-16
7.51735	-9.22E-17
7.51935	-8.45E-17
7.52135	-7.74E-17
7.52335	-7.10E-17
7.52535	-6.50E-17
7.52735	-5.96E-17
7.52935	-5.47E-17
7.53135	-5.01E-17
7.53335	-4.59E-17
7.53535	-4.21E-17
7.53735	-3.86E-17
7.53935	-3.54E-17
7.54135	-3.25E-17
7.54335	-2.98E-17
7.54535	-2.73E-17
7.54735	-2.51E-17
7.54935	-2.30E-17
7.55135	-2.11E-17
7.55335	-1.94E-17
7.55535	-1.78E-17
7.55735	-1.63E-17
7.55935	-1.50E-17
7.56135	-1.38E-17
7.56335	-1.26E-17
7.56535	-1.16E-17
7.56735	-1.06E-17
7.56935	-9.77E-18
7.57135	-8.97E-18
7.57335	-8.24E-18
7.57535	-7.56E-18
7.57735	-6.95E-18
7.57935	-6.38E-18
7.58135	-5.86E-18
7.58335	-5.38E-18
7.58535	-4.94E-18
7.58735	-4.54E-18
7.58935	-4.17E-18
7.59135	-3.83E-18
7.59335	-3.52E-18
7.59535	-3.23E-18
7.59735	-2.97E-18
7.59935	-2.73E-18
7.60135	-2.51E-18
7.60335	-2.31E-18
7.60535	-2.12E-18
7.60735	-1.95E-18
7.60935	-1.79E-18
7.61135	-1.65E-18
7.61335	-1.52E-18
7.61535	-1.39E-18
7.61735	-1.28E-18
7.61935	-1.18E-18
7.62135	-1.08E-18
7.62335	-9.97E-19
7.62535	-9.18E-19
7.62735	-8.43E-19
7.62935	-7.74E-19
7.63135	-7.13E-19
7.63335	-6.56E-19
7.63535	-6.02E-19
7.63735	-5.56E-19
7.63935	-5.09E-19
7.64135	-4.69E-19
7.64335	-4.31E-19
7.64535	-3.96E-19
7.64735	-3.65E-19
7.64935	-3.36E-19
7.65135	-3.10E-19
7.65335	-2.83E-19
7.65535	-2.61E-19
7.65735	-2.40E-19
7.65935	-2.22E-19
7.66135	-2.03E-19
7.66335	-1.87E-19
7.66535	-1.72E-19
7.66735	-1.59E-19
7.66935	-1.45E-19
7.67135	-1.34E-19
7.67335	-1.24E-19
7.67535	-1.15E-19
7.67735	-1.04E-19
7.67935	-9.55E-20
7.68135	-8.75E-20
7.68335	-8.17E-20
7.68535	-7.50E-20
7.68735	-6.88E-20
7.68935	-6.33E-20
7.69135	-5.89E-20
7.69335	-5.51E-20
7.69535	-4.93E-20
7.69735	-4.68E-20
7.69935	-4.19E-20
7.70135	-4.07E-20
7.70335	-3.47E-20
7.70535	-3.49E-20
7.70735	-3.13E-20
7.70935	-2.73E-20
7.71135	-2.48E-20
7.71335	-2.41E-20
7.71535	-2.16E-20
7.71735	-2.08E-20
7.71935	-1.93E-20
7.72135	-1.72E-20
7.72335	-1.59E-20
7.72535	-1.42E-20
7.72735	-1.40E-20
7.72935	-1.10E-20
7.73135	-1.14E-20
7.73335	-1.14E-20
7.73535	-9.32E-21
7.73735	-9.53E-21
7.73935	-8.26E-21
7.74135	-6.78E-21
7.74335	-8.26E-21
7.74535	-6.35E-21
7.74735	-5.72E-21
7.74935	-4.66E-21
7.75135	-7.62E-21
7.75335	-5.19E-21
7.75535	-3.60E-21
7.75735	-4.98E-21
7.75935	-4.24E-21
7.76135	-2.86E-21
7.76335	-3.39E-21
7.76535	-3.28E-21
7.76735	-3.07E-21
7.76935	-6.35E-22
7.77135	-1.16E-21
7.77335	-2.33E-21
7.77535	-2.75E-21
7.77735	-2.12E-21
7.77935	-2.75E-21
7.78135	-9.53E-22
7.78335	-2.65E-21
7.78535	-1.59E-21
7.78735	-1.69E-21
7.78935	-1.91E-21
7.79135	-3.07E-21
7.79335	-1.06E-22
7.79535	1.06E-22
7.79735	-1.91E-21
7.79935	-2.12E-21
7.80135	0.00E+00
7.80335	-1.06E-21
7.80535	7.41E-22
7.80735	-1.06E-22
7.80935	-6.35E-22
7.81135	2.12E-22
7.81335	-1.06E-22
7.81535	-7.41E-22
7.81735	-7.41E-22
7.81935	-1.06E-21
7.82135	-4.24E-22
7.82335	-9.53E-22
7.82535	1.80E-21
7.82735	-1.16E-21
7.82935	-1.59E-21
7.83135	-2.12E-22
7.83335	2.12E-22
7.83535	-1.06E-22
7.83735	0.00E+00
7.83935	8.47E-22
7.84135	3.18E-22
7.84335	-7.41E-22
7.84535	1.06E-22
7.84735	0.00E+00
7.84935	0.00E+00
7.85135	2.12E-22
7.85335	0.00E+00
7.85535	1.06E-22
7.85735	-1.48E-21
7.85935	-8.47E-22
7.86135	-3.18E-22
7.86335	1.38E-21
7.86535	1.06E-21
7.86735	3.18E-22
7.86935	8.47E-22
7.87135	-1.16E-21
7.87335	2.12E-22
7.87535	0.00E+00
7.87735	-2.12E-22
7.87935	-2.12E-22
7.88135	6.35E-22
7.88335	-6.35E-22
7.88535	-2.12E-22
7.88735	-5.29E-22
7.88935	1.27E-21
7.89135	1.06E-22
7.89335	-7.41E-22
7.89535	2.12E-22
7.89735	-1.06E-22
7.89935	-1.27E-21
7.90135	-1.06E-22
7.90335	6.35E-22
7.90535	4.24E-22
7.90735	0.00E+00
7.90935	9.53E-22
7.91135	9.53E-22
7.91335	-3.18E-22
7.91535	0.00E+00
7.91735	9.53E-22
7.91935	-8.47E-22
7.92135	3.18E-22
7.92335	2.12E-22
7.92535	0.00E+00
7.92735	0.00E+00
7.92935	7.41E-22
7.93135	3.18E-22
7.93335	6.35E-22
7.93535	-7.41E-22
7.93735	-3.18E-22
7.93935	-2.12E-22
7.94135	-1.06E-22
7.94335	0.00E+00
7.94535	-1.06E-22
7.94735	4.24E-22
7.94935	-2.12E-22
7.95135	1.06E-22
7.95335	-8.47E-22
7.95535	1.38E-21
7.95735	3.18E-22
7.95935	1.06E-22
7.96135	0.00E+00
7.96335	-5.29E-22
7.96535	-9.53E-22
7.96735	-4.24E-22
7.96935	5.29E-22
7.97135	9.53E-22
7.97335	5.29E-22
7.97535	1.27E-21
7.97735	0.00E+00
7.97935	-1.27E-21
7.98135	-1.06E-22
7.98335	0.00E+00
7.98535	5.29E-22
7.98735	3.18E-22
7.98935	6.35E-22
7.99135	-3.18E-22
7.99335	1.38E-21
7.99535	-8.47E-22
7.99735	4.24E-22
7.99935	-1.06E-22
8.00135	-1.38E-21
8.00335	-1.06E-22
8.00535	8.47E-22
8.00735	0.00E+00
8.00935	-4.24E-22
8.01135	-7.41E-22
8.01335	-4.24E-22
8.01535	4.24E-22
8.01735	-6.35E-22
8.01935	-7.41E-22
8.02135	2.12E-22
8.02335	1.06E-22
8.02535	0.00E+00
8.02735	0.00E+00
8.02935	-2.12E-22
8.03135	-3.18E-22
8.03335	3.18E-22
8.03535	-7.41E-22
8.03735	-3.18E-22
8.03935	-1.06E-22
8.04135	-2.12E-22
8.04335	-3.18E-22
8.04535	0.00E+00
8.04735	3.18E-22
8.04935	1.06E-22
8.05135	1.06E-22
8.05335	6.35E-22
