mu	ht
6.1146	3.12E-08
6.1166	3.14E-08
6.1186	3.15E-08
6.1206	3.16E-08
6.1226	3.17E-08
6.1246	3.19E-08
6.1266	3.20E-08
6.1286	3.21E-08
6.1306	3.23E-08
6.1326	3.24E-08
6.1346	3.25E-08
6.1366	3.27E-08
6.1386	3.28E-08
6.1406	3.29E-08
6.1426	3.31E-08
6.1446	3.32E-08
6.1466	3.33E-08
6.1486	3.35E-08
6.1506	3.36E-08
6.1526	3.38E-08
6.1546	3.39E-08
6.1566	3.41E-08
6.1586	3.42E-08
6.1606	3.43E-08
6.1626	3.45E-08
6.1646	3.46E-08
6.1666	3.48E-08
6.1686	3.49E-08
6.1706	3.51E-08
6.1726	3.52E-08
6.1746	3.54E-08
6.1766	3.56E-08
6.1786	3.57E-08
6.1806	3.59E-08
6.1826	3.60E-08
6.1846	3.62E-08
6.1866	3.63E-08
6.1886	3.65E-08
6.1906	3.67E-08
6.1926	3.68E-08
6.1946	3.70E-08
6.1966	3.72E-08
6.1986	3.73E-08
6.2006	3.75E-08
6.2026	3.77E-08
6.2046	3.78E-08
6.2066	3.80E-08
6.2086	3.82E-08
6.2106	3.84E-08
6.2126	3.85E-08
6.2146	3.87E-08
6.2166	3.89E-08
6.2186	3.91E-08
6.2206	3.93E-08
6.2226	3.94E-08
6.2246	3.96E-08
6.2266	3.98E-08
6.2286	4.00E-08
6.2306	4.02E-08
6.2326	4.04E-08
6.2346	4.06E-08
6.2366	4.08E-08
6.2386	4.10E-08
6.2406	4.12E-08
6.2426	4.14E-08
6.2446	4.16E-08
6.2466	4.18E-08
6.2486	4.20E-08
6.2506	4.22E-08
6.2526	4.24E-08
6.2546	4.26E-08
6.2566	4.28E-08
6.2586	4.30E-08
6.2606	4.32E-08
6.2626	4.34E-08
6.2646	4.37E-08
6.2666	4.39E-08
6.2686	4.41E-08
6.2706	4.43E-08
6.2726	4.45E-08
6.2746	4.48E-08
6.2766	4.50E-08
6.2786	4.52E-08
6.2806	4.55E-08
6.2826	4.57E-08
6.2846	4.59E-08
6.2866	4.62E-08
6.2886	4.64E-08
6.2906	4.67E-08
6.2926	4.69E-08
6.2946	4.71E-08
6.2966	4.74E-08
6.2986	4.76E-08
6.3006	4.79E-08
6.3026	4.82E-08
6.3046	4.84E-08
6.3066	4.87E-08
6.3086	4.89E-08
6.3106	4.92E-08
6.3126	4.95E-08
6.3146	4.97E-08
6.3166	5.00E-08
6.3186	5.03E-08
6.3206	5.06E-08
6.3226	5.08E-08
6.3246	5.11E-08
6.3266	5.14E-08
6.3286	5.17E-08
6.3306	5.20E-08
6.3326	5.23E-08
6.3346	5.26E-08
6.3366	5.29E-08
6.3386	5.32E-08
6.3406	5.35E-08
6.3426	5.38E-08
6.3446	5.41E-08
6.3466	5.44E-08
6.3486	5.47E-08
6.3506	5.51E-08
6.3526	5.54E-08
6.3546	5.57E-08
6.3566	5.60E-08
6.3586	5.64E-08
6.3606	5.67E-08
6.3626	5.70E-08
6.3646	5.74E-08
6.3666	5.77E-08
6.3686	5.81E-08
6.3706	5.84E-08
6.3726	5.88E-08
6.3746	5.92E-08
6.3766	5.95E-08
6.3786	5.99E-08
6.3806	6.03E-08
6.3826	6.06E-08
6.3846	6.10E-08
6.3866	6.14E-08
6.3886	6.18E-08
6.3906	6.22E-08
6.3926	6.26E-08
6.3946	6.30E-08
6.3966	6.34E-08
6.3986	6.38E-08
6.4006	6.42E-08
6.4026	6.46E-08
6.4046	6.50E-08
6.4066	6.55E-08
6.4086	6.59E-08
6.4106	6.63E-08
6.4126	6.68E-08
6.4146	6.72E-08
6.4166	6.77E-08
6.4186	6.81E-08
6.4206	6.86E-08
6.4226	6.90E-08
6.4246	6.95E-08
6.4266	7.00E-08
6.4286	7.05E-08
6.4306	7.10E-08
6.4326	7.14E-08
6.4346	7.19E-08
6.4366	7.24E-08
6.4386	7.30E-08
6.4406	7.35E-08
6.4426	7.40E-08
6.4446	7.45E-08
6.4466	7.51E-08
6.4486	7.56E-08
6.4506	7.61E-08
6.4526	7.67E-08
6.4546	7.73E-08
6.4566	7.78E-08
6.4586	7.84E-08
6.4606	7.90E-08
6.4626	7.96E-08
6.4646	8.02E-08
6.4666	8.08E-08
6.4686	8.14E-08
6.4706	8.20E-08
6.4726	8.26E-08
6.4746	8.33E-08
6.4766	8.39E-08
6.4786	8.46E-08
6.4806	8.52E-08
6.4826	8.59E-08
6.4846	8.66E-08
6.4866	8.73E-08
6.4886	8.79E-08
6.4906	8.87E-08
6.4926	8.94E-08
6.4946	9.01E-08
6.4966	9.08E-08
6.4986	9.16E-08
6.5006	9.23E-08
6.5026	9.31E-08
6.5046	9.39E-08
6.5066	9.46E-08
6.5086	9.54E-08
6.5106	9.62E-08
6.5126	9.71E-08
6.5146	9.79E-08
6.5166	9.87E-08
6.5186	9.96E-08
6.5206	1.00E-07
6.5226	1.01E-07
6.5246	1.02E-07
6.5266	1.03E-07
6.5286	1.04E-07
6.5306	1.05E-07
6.5326	1.06E-07
6.5346	1.07E-07
6.5366	1.08E-07
6.5386	1.09E-07
6.5406	1.10E-07
6.5426	1.11E-07
6.5446	1.12E-07
6.5466	1.13E-07
6.5486	1.14E-07
6.5506	1.15E-07
6.5526	1.16E-07
6.5546	1.17E-07
6.5566	1.18E-07
6.5586	1.20E-07
6.5606	1.21E-07
6.5626	1.22E-07
6.5646	1.23E-07
6.5666	1.24E-07
6.5686	1.26E-07
6.5706	1.27E-07
6.5726	1.28E-07
6.5746	1.30E-07
6.5766	1.31E-07
6.5786	1.32E-07
6.5806	1.34E-07
6.5826	1.35E-07
6.5846	1.37E-07
6.5866	1.38E-07
6.5886	1.40E-07
6.5906	1.41E-07
6.5926	1.43E-07
6.5946	1.44E-07
6.5966	1.46E-07
6.5986	1.47E-07
6.6006	1.49E-07
6.6026	1.51E-07
6.6046	1.53E-07
6.6066	1.54E-07
6.6086	1.56E-07
6.6106	1.58E-07
6.6126	1.60E-07
6.6146	1.62E-07
6.6166	1.64E-07
6.6186	1.66E-07
6.6206	1.68E-07
6.6226	1.70E-07
6.6246	1.72E-07
6.6266	1.74E-07
6.6286	1.76E-07
6.6306	1.78E-07
6.6326	1.81E-07
6.6346	1.83E-07
6.6366	1.85E-07
6.6386	1.88E-07
6.6406	1.90E-07
6.6426	1.93E-07
6.6446	1.95E-07
6.6466	1.98E-07
6.6486	2.01E-07
6.6506	2.04E-07
6.6526	2.06E-07
6.6546	2.09E-07
6.6566	2.12E-07
6.6586	2.15E-07
6.6606	2.18E-07
6.6626	2.22E-07
6.6646	2.25E-07
6.6666	2.28E-07
6.6686	2.32E-07
6.6706	2.35E-07
6.6726	2.39E-07
6.6746	2.42E-07
6.6766	2.46E-07
6.6786	2.50E-07
6.6806	2.54E-07
6.6826	2.58E-07
6.6846	2.62E-07
6.6866	2.67E-07
6.6886	2.71E-07
6.6906	2.76E-07
6.6926	2.80E-07
6.6946	2.85E-07
6.6966	2.90E-07
6.6986	2.95E-07
6.7006	3.01E-07
6.7026	3.06E-07
6.7046	3.12E-07
6.7066	3.17E-07
6.7086	3.23E-07
6.7106	3.29E-07
6.7126	3.36E-07
6.7146	3.42E-07
6.7166	3.49E-07
6.7186	3.56E-07
6.7206	3.63E-07
6.7226	3.70E-07
6.7246	3.78E-07
6.7266	3.86E-07
6.7286	3.94E-07
6.7306	4.02E-07
6.7326	4.11E-07
6.7346	4.20E-07
6.7366	4.29E-07
6.7386	4.39E-07
6.7406	4.49E-07
6.7426	4.59E-07
6.7446	4.70E-07
6.7466	4.81E-07
6.7486	4.93E-07
6.7506	5.05E-07
6.7526	5.17E-07
6.7546	5.30E-07
6.7566	5.44E-07
6.7586	5.58E-07
6.7606	5.73E-07
6.7626	5.88E-07
6.7646	6.04E-07
6.7666	6.21E-07
6.7686	6.38E-07
6.7706	6.57E-07
6.7726	6.76E-07
6.7746	6.96E-07
6.7766	7.16E-07
6.7786	7.38E-07
6.7806	7.61E-07
6.7826	7.85E-07
6.7846	8.10E-07
6.7866	8.37E-07
6.7886	8.65E-07
6.7906	8.94E-07
6.7926	9.24E-07
6.7946	9.57E-07
6.7966	9.91E-07
6.7986	1.03E-06
6.8006	1.06E-06
6.8026	1.10E-06
6.8046	1.15E-06
6.8066	1.19E-06
6.8086	1.24E-06
6.8106	1.29E-06
6.8126	1.34E-06
6.8146	1.40E-06
6.8166	1.46E-06
6.8186	1.52E-06
6.8206	1.59E-06
6.8226	1.66E-06
6.8246	1.74E-06
6.8266	1.82E-06
6.8286	1.91E-06
6.8306	2.00E-06
6.8326	2.10E-06
6.8346	2.20E-06
6.8366	2.32E-06
6.8386	2.44E-06
6.8406	2.57E-06
6.8426	2.70E-06
6.8446	2.85E-06
6.8466	3.01E-06
6.8486	3.18E-06
6.8506	3.37E-06
6.8526	3.56E-06
6.8546	3.77E-06
6.8566	4.00E-06
6.8586	4.24E-06
6.8606	4.51E-06
6.8626	4.79E-06
6.8646	5.09E-06
6.8666	5.42E-06
6.8686	5.77E-06
6.8706	6.15E-06
6.8726	6.56E-06
6.8746	7.00E-06
6.8766	7.48E-06
6.8786	7.99E-06
6.8806	8.55E-06
6.8826	9.15E-06
6.8846	9.79E-06
6.8866	1.05E-05
6.8886	1.12E-05
6.8906	1.20E-05
6.8926	1.29E-05
6.8946	1.39E-05
6.8966	1.49E-05
6.8986	1.60E-05
6.9006	1.72E-05
6.9026	1.85E-05
6.9046	1.99E-05
6.9066	2.14E-05
6.9086	2.30E-05
6.9106	2.47E-05
6.9126	2.66E-05
6.9146	2.87E-05
6.9166	3.09E-05
6.9186	3.32E-05
6.9206	3.58E-05
6.9226	3.86E-05
6.9246	4.16E-05
6.9266	4.48E-05
6.9286	4.84E-05
6.9306	5.21E-05
6.9326	5.62E-05
6.9346	6.07E-05
6.9366	6.54E-05
6.9386	7.06E-05
6.9406	7.62E-05
6.9426	8.22E-05
6.9446	8.87E-05
6.9466	9.57E-05
6.9486	1.03E-04
6.9506	1.12E-04
6.9526	1.20E-04
6.9546	1.30E-04
6.9566	1.40E-04
6.9586	1.52E-04
6.9606	1.64E-04
6.9626	1.77E-04
6.9646	1.91E-04
6.9666	2.06E-04
6.9686	2.22E-04
6.9706	2.40E-04
6.9726	2.59E-04
6.9746	2.80E-04
6.9766	3.03E-04
6.9786	3.27E-04
6.9806	3.53E-04
6.9826	3.81E-04
6.9846	4.12E-04
6.9866	4.45E-04
6.9886	4.81E-04
6.9906	5.19E-04
6.9926	5.61E-04
6.9946	6.06E-04
6.9966	6.55E-04
6.9986	7.07E-04
7.0006	7.64E-04
7.0026	8.25E-04
7.0046	8.91E-04
7.0066	9.63E-04
7.0086	1.04E-03
7.0106	1.12E-03
7.0126	1.21E-03
7.0146	1.31E-03
7.0166	1.42E-03
7.0186	1.53E-03
7.0206	1.65E-03
7.0226	1.79E-03
7.0246	1.93E-03
7.0266	2.08E-03
7.0286	2.25E-03
7.0306	2.43E-03
7.0326	2.63E-03
7.0346	2.84E-03
7.0366	3.06E-03
7.0386	3.31E-03
7.0406	3.57E-03
7.0426	3.86E-03
7.0446	4.16E-03
7.0466	4.49E-03
7.0486	4.85E-03
7.0506	5.24E-03
7.0526	5.65E-03
7.0546	6.09E-03
7.0566	6.57E-03
7.0586	7.08E-03
7.0606	7.63E-03
7.0626	8.22E-03
7.0646	8.85E-03
7.0666	9.53E-03
7.0686	1.02E-02
7.0706	1.10E-02
7.0726	1.18E-02
7.0746	1.27E-02
7.0766	1.36E-02
7.0786	1.45E-02
7.0806	1.55E-02
7.0826	1.65E-02
7.0846	1.76E-02
7.0866	1.86E-02
7.0886	1.97E-02
7.0906	2.08E-02
7.0926	2.18E-02
7.0946	2.27E-02
7.0966	2.36E-02
7.0986	2.44E-02
7.1006	2.49E-02
7.1026	2.53E-02
7.1046	2.54E-02
7.1066	2.52E-02
7.1086	2.47E-02
7.1106	2.38E-02
7.1126	2.24E-02
7.1146	2.07E-02
7.1166	1.84E-02
7.1186	1.58E-02
7.1206	1.28E-02
7.1226	9.51E-03
7.1246	5.98E-03
7.1266	2.34E-03
7.1286	-1.31E-03
7.1306	-4.87E-03
7.1326	-8.23E-03
7.1346	-1.13E-02
7.1366	-1.40E-02
7.1386	-1.64E-02
7.1406	-1.83E-02
7.1426	-1.98E-02
7.1446	-2.09E-02
7.1466	-2.16E-02
7.1486	-2.19E-02
7.1506	-2.20E-02
7.1526	-2.18E-02
7.1546	-2.14E-02
7.1566	-2.08E-02
7.1586	-2.01E-02
7.1606	-1.93E-02
7.1626	-1.84E-02
7.1646	-1.75E-02
7.1666	-1.66E-02
7.1686	-1.57E-02
7.1706	-1.48E-02
7.1726	-1.39E-02
7.1746	-1.30E-02
7.1766	-1.22E-02
7.1786	-1.14E-02
7.1806	-1.06E-02
7.1826	-9.87E-03
7.1846	-9.19E-03
7.1866	-8.55E-03
7.1886	-7.95E-03
7.1906	-7.38E-03
7.1926	-6.86E-03
7.1946	-6.36E-03
7.1966	-5.90E-03
7.1986	-5.47E-03
7.2006	-5.08E-03
7.2026	-4.70E-03
7.2046	-4.36E-03
7.2066	-4.04E-03
7.2086	-3.74E-03
7.2106	-3.47E-03
7.2126	-3.21E-03
7.2146	-2.97E-03
7.2166	-2.75E-03
7.2186	-2.55E-03
7.2206	-2.36E-03
7.2226	-2.19E-03
7.2246	-2.03E-03
7.2266	-1.87E-03
7.2286	-1.74E-03
7.2306	-1.61E-03
7.2326	-1.49E-03
7.2346	-1.38E-03
7.2366	-1.28E-03
7.2386	-1.18E-03
7.2406	-1.09E-03
7.2426	-1.01E-03
7.2446	-9.37E-04
7.2466	-8.68E-04
7.2486	-8.03E-04
7.2506	-7.44E-04
7.2526	-6.89E-04
7.2546	-6.38E-04
7.2566	-5.91E-04
7.2586	-5.47E-04
7.2606	-5.06E-04
7.2626	-4.69E-04
7.2646	-4.34E-04
7.2666	-4.02E-04
7.2686	-3.73E-04
7.2706	-3.45E-04
7.2726	-3.20E-04
7.2746	-2.96E-04
7.2766	-2.74E-04
7.2786	-2.54E-04
7.2806	-2.35E-04
7.2826	-2.18E-04
7.2846	-2.02E-04
7.2866	-1.87E-04
7.2886	-1.74E-04
7.2906	-1.61E-04
7.2926	-1.49E-04
7.2946	-1.38E-04
7.2966	-1.28E-04
7.2986	-1.19E-04
7.3006	-1.10E-04
7.3026	-1.02E-04
7.3046	-9.51E-05
7.3066	-8.83E-05
7.3086	-8.19E-05
7.3106	-7.61E-05
7.3126	-7.07E-05
7.3146	-6.56E-05
7.3166	-6.10E-05
7.3186	-5.67E-05
7.3206	-5.27E-05
7.3226	-4.90E-05
7.3246	-4.56E-05
7.3266	-4.25E-05
7.3286	-3.95E-05
7.3306	-3.68E-05
7.3326	-3.43E-05
7.3346	-3.20E-05
7.3366	-2.98E-05
7.3386	-2.78E-05
7.3406	-2.60E-05
7.3426	-2.43E-05
7.3446	-2.27E-05
7.3466	-2.12E-05
7.3486	-1.99E-05
7.3506	-1.86E-05
7.3526	-1.74E-05
7.3546	-1.63E-05
7.3566	-1.53E-05
7.3586	-1.44E-05
7.3606	-1.35E-05
7.3626	-1.27E-05
7.3646	-1.20E-05
7.3666	-1.13E-05
7.3686	-1.06E-05
7.3706	-1.00E-05
7.3726	-9.46E-06
7.3746	-8.93E-06
7.3766	-8.45E-06
7.3786	-8.00E-06
7.3806	-7.57E-06
7.3826	-7.18E-06
7.3846	-6.81E-06
7.3866	-6.47E-06
7.3886	-6.15E-06
7.3906	-5.85E-06
7.3926	-5.57E-06
7.3946	-5.31E-06
7.3966	-5.06E-06
7.3986	-4.83E-06
7.4006	-4.61E-06
7.4026	-4.41E-06
7.4046	-4.22E-06
7.4066	-4.04E-06
7.4086	-3.87E-06
7.4106	-3.71E-06
7.4126	-3.56E-06
7.4146	-3.42E-06
7.4166	-3.29E-06
7.4186	-3.16E-06
7.4206	-3.05E-06
7.4226	-2.93E-06
7.4246	-2.83E-06
7.4266	-2.73E-06
7.4286	-2.63E-06
7.4306	-2.54E-06
7.4326	-2.45E-06
7.4346	-2.37E-06
7.4366	-2.30E-06
7.4386	-2.22E-06
7.4406	-2.15E-06
7.4426	-2.08E-06
7.4446	-2.02E-06
7.4466	-1.96E-06
7.4486	-1.90E-06
7.4506	-1.85E-06
7.4526	-1.79E-06
7.4546	-1.74E-06
7.4566	-1.69E-06
7.4586	-1.65E-06
7.4606	-1.60E-06
7.4626	-1.56E-06
7.4646	-1.52E-06
7.4666	-1.48E-06
7.4686	-1.44E-06
7.4706	-1.41E-06
7.4726	-1.37E-06
7.4746	-1.34E-06
7.4766	-1.31E-06
7.4786	-1.28E-06
7.4806	-1.25E-06
7.4826	-1.22E-06
7.4846	-1.19E-06
7.4866	-1.16E-06
7.4886	-1.14E-06
7.4906	-1.11E-06
7.4926	-1.09E-06
7.4946	-1.07E-06
7.4966	-1.05E-06
7.4986	-1.02E-06
7.5006	-1.00E-06
7.5026	-9.83E-07
7.5046	-9.63E-07
7.5066	-9.44E-07
7.5086	-9.26E-07
7.5106	-9.08E-07
7.5126	-8.91E-07
7.5146	-8.74E-07
7.5166	-8.58E-07
7.5186	-8.42E-07
7.5206	-8.27E-07
7.5226	-8.12E-07
7.5246	-7.98E-07
7.5266	-7.84E-07
7.5286	-7.71E-07
7.5306	-7.57E-07
7.5326	-7.45E-07
7.5346	-7.32E-07
7.5366	-7.20E-07
7.5386	-7.08E-07
7.5406	-6.97E-07
7.5426	-6.86E-07
7.5446	-6.75E-07
7.5466	-6.64E-07
7.5486	-6.54E-07
7.5506	-6.44E-07
7.5526	-6.34E-07
7.5546	-6.24E-07
7.5566	-6.15E-07
7.5586	-6.06E-07
7.5606	-5.97E-07
7.5626	-5.88E-07
7.5646	-5.80E-07
7.5666	-5.72E-07
7.5686	-5.63E-07
7.5706	-5.56E-07
7.5726	-5.48E-07
7.5746	-5.40E-07
7.5766	-5.33E-07
7.5786	-5.26E-07
7.5806	-5.19E-07
7.5826	-5.12E-07
7.5846	-5.05E-07
7.5866	-4.98E-07
7.5886	-4.92E-07
7.5906	-4.86E-07
7.5926	-4.79E-07
7.5946	-4.73E-07
7.5966	-4.67E-07
7.5986	-4.62E-07
7.6006	-4.56E-07
7.6026	-4.50E-07
7.6046	-4.45E-07
7.6066	-4.40E-07
7.6086	-4.34E-07
7.6106	-4.29E-07
7.6126	-4.24E-07
7.6146	-4.19E-07
7.6166	-4.14E-07
7.6186	-4.10E-07
7.6206	-4.05E-07
7.6226	-4.00E-07
7.6246	-3.96E-07
7.6266	-3.91E-07
7.6286	-3.87E-07
7.6306	-3.83E-07
7.6326	-3.79E-07
7.6346	-3.74E-07
7.6366	-3.70E-07
7.6386	-3.66E-07
7.6406	-3.63E-07
7.6426	-3.59E-07
7.6446	-3.55E-07
7.6466	-3.51E-07
7.6486	-3.48E-07
7.6506	-3.44E-07
7.6526	-3.41E-07
7.6546	-3.37E-07
7.6566	-3.34E-07
7.6586	-3.30E-07
7.6606	-3.27E-07
7.6626	-3.24E-07
7.6646	-3.21E-07
7.6666	-3.18E-07
7.6686	-3.15E-07
7.6706	-3.12E-07
7.6726	-3.09E-07
7.6746	-3.06E-07
7.6766	-3.03E-07
7.6786	-3.00E-07
7.6806	-2.97E-07
7.6826	-2.94E-07
7.6846	-2.92E-07
7.6866	-2.89E-07
7.6886	-2.86E-07
7.6906	-2.84E-07
7.6926	-2.81E-07
7.6946	-2.79E-07
7.6966	-2.76E-07
7.6986	-2.74E-07
7.7006	-2.71E-07
7.7026	-2.69E-07
7.7046	-2.67E-07
7.7066	-2.64E-07
7.7086	-2.62E-07
7.7106	-2.60E-07
7.7126	-2.58E-07
7.7146	-2.56E-07
7.7166	-2.53E-07
7.7186	-2.51E-07
7.7206	-2.49E-07
7.7226	-2.47E-07
7.7246	-2.45E-07
7.7266	-2.43E-07
7.7286	-2.41E-07
7.7306	-2.39E-07
7.7326	-2.37E-07
7.7346	-2.35E-07
7.7366	-2.33E-07
7.7386	-2.32E-07
7.7406	-2.30E-07
7.7426	-2.28E-07
7.7446	-2.26E-07
7.7466	-2.24E-07
7.7486	-2.23E-07
7.7506	-2.21E-07
7.7526	-2.19E-07
7.7546	-2.18E-07
7.7566	-2.16E-07
7.7586	-2.14E-07
7.7606	-2.13E-07
7.7626	-2.11E-07
7.7646	-2.10E-07
7.7666	-2.08E-07
7.7686	-2.07E-07
7.7706	-2.05E-07
7.7726	-2.04E-07
7.7746	-2.02E-07
7.7766	-2.01E-07
7.7786	-1.99E-07
7.7806	-1.98E-07
7.7826	-1.96E-07
7.7846	-1.95E-07
7.7866	-1.94E-07
7.7886	-1.92E-07
7.7906	-1.91E-07
7.7926	-1.90E-07
7.7946	-1.88E-07
7.7966	-1.87E-07
7.7986	-1.86E-07
7.8006	-1.85E-07
7.8026	-1.83E-07
7.8046	-1.82E-07
7.8066	-1.81E-07
7.8086	-1.80E-07
7.8106	-1.78E-07
7.8126	-1.77E-07
7.8146	-1.76E-07
7.8166	-1.75E-07
7.8186	-1.74E-07
7.8206	-1.73E-07
7.8226	-1.72E-07
7.8246	-1.70E-07
7.8266	-1.69E-07
7.8286	-1.68E-07
7.8306	-1.67E-07
7.8326	-1.66E-07
7.8346	-1.65E-07
7.8366	-1.64E-07
7.8386	-1.63E-07
7.8406	-1.62E-07
7.8426	-1.61E-07
7.8446	-1.60E-07
7.8466	-1.59E-07
7.8486	-1.58E-07
7.8506	-1.57E-07
7.8526	-1.56E-07
7.8546	-1.55E-07
7.8566	-1.54E-07
7.8586	-1.53E-07
7.8606	-1.52E-07
7.8626	-1.51E-07
7.8646	-1.51E-07
7.8666	-1.50E-07
7.8686	-1.49E-07
7.8706	-1.48E-07
7.8726	-1.47E-07
7.8746	-1.46E-07
7.8766	-1.45E-07
7.8786	-1.44E-07
7.8806	-1.44E-07
7.8826	-1.43E-07
7.8846	-1.42E-07
7.8866	-1.41E-07
7.8886	-1.40E-07
7.8906	-1.40E-07
7.8926	-1.39E-07
7.8946	-1.38E-07
7.8966	-1.37E-07
7.8986	-1.37E-07
7.9006	-1.36E-07
7.9026	-1.35E-07
7.9046	-1.34E-07
7.9066	-1.34E-07
7.9086	-1.33E-07
7.9106	-1.32E-07
7.9126	-1.31E-07
7.9146	-1.31E-07
7.9166	-1.30E-07
7.9186	-1.29E-07
7.9206	-1.29E-07
7.9226	-1.28E-07
7.9246	-1.27E-07
7.9266	-1.26E-07
7.9286	-1.26E-07
7.9306	-1.25E-07
7.9326	-1.25E-07
7.9346	-1.24E-07
7.9366	-1.23E-07
7.9386	-1.23E-07
7.9406	-1.22E-07
7.9426	-1.21E-07
7.9446	-1.21E-07
7.9466	-1.20E-07
7.9486	-1.19E-07
7.9506	-1.19E-07
7.9526	-1.18E-07
7.9546	-1.18E-07
7.9566	-1.17E-07
7.9586	-1.16E-07
7.9606	-1.16E-07
7.9626	-1.15E-07
7.9646	-1.15E-07
7.9666	-1.14E-07
7.9686	-1.14E-07
7.9706	-1.13E-07
7.9726	-1.13E-07
7.9746	-1.12E-07
7.9766	-1.11E-07
7.9786	-1.11E-07
7.9806	-1.10E-07
7.9826	-1.10E-07
7.9846	-1.09E-07
7.9866	-1.09E-07
7.9886	-1.08E-07
7.9906	-1.08E-07
7.9926	-1.07E-07
7.9946	-1.07E-07
7.9966	-1.06E-07
7.9986	-1.06E-07
8.0006	-1.05E-07
8.0026	-1.05E-07
8.0046	-1.04E-07
8.0066	-1.04E-07
8.0086	-1.03E-07
8.0106	-1.03E-07
8.0126	-1.02E-07
8.0146	-1.02E-07
8.0166	-1.01E-07
8.0186	-1.01E-07
8.0206	-1.00E-07
8.0226	-1.00E-07
8.0246	-9.95E-08
8.0266	-9.91E-08
8.0286	-9.87E-08
8.0306	-9.82E-08
8.0326	-9.78E-08
8.0346	-9.73E-08
8.0366	-9.69E-08
8.0386	-9.65E-08
8.0406	-9.61E-08
8.0426	-9.56E-08
8.0446	-9.52E-08
8.0466	-9.48E-08
8.0486	-9.44E-08
8.0506	-9.40E-08
8.0526	-9.36E-08
8.0546	-9.32E-08
8.0566	-9.28E-08
8.0586	-9.24E-08
8.0606	-9.20E-08
8.0626	-9.16E-08
8.0646	-9.12E-08
8.0666	-9.08E-08
8.0686	-9.04E-08
8.0706	-9.00E-08
8.0726	-8.96E-08
8.0746	-8.93E-08
8.0766	-8.89E-08
8.0786	-8.85E-08
8.0806	-8.82E-08
8.0826	-8.78E-08
8.0846	-8.74E-08
8.0866	-8.71E-08
8.0886	-8.67E-08
8.0906	-8.63E-08
8.0926	-8.60E-08
8.0946	-8.56E-08
8.0966	-8.53E-08
8.0986	-8.49E-08
8.1006	-8.46E-08
8.1026	-8.43E-08
8.1046	-8.39E-08
8.1066	-8.36E-08
8.1086	-8.32E-08
8.1106	-8.29E-08
8.1126	-8.26E-08
