mu  etn
6.0936	1.06E-21
6.0956	2.13E-21
6.0976	-3.22E-21
6.0996	4.30E-21
6.1016	3.24E-21
6.1036	-6.51E-21
6.1056	-1.53E-20
6.1076	1.09E-20
6.1096	1.10E-20
6.1116	-4.41E-21
6.1136	-7.75E-21
6.1156	1.33E-20
6.1176	1.23E-20
6.1196	-3.36E-21
6.1216	4.50E-21
6.1236	0.00E+00
6.1256	0.00E+00
6.1276	-5.70E-21
6.1296	1.15E-21
6.1316	-4.60E-21
6.1336	-1.39E-20
6.1356	9.28E-21
6.1376	0.00E+00
6.1396	4.68E-21
6.1416	4.70E-21
6.1436	5.90E-21
6.1456	-1.18E-21
6.1476	3.57E-21
6.1496	-7.17E-21
6.1516	4.80E-21
6.1536	-4.82E-21
6.1556	-2.42E-21
6.1576	1.22E-21
6.1596	7.33E-21
6.1616	9.82E-21
6.1636	-9.86E-21
6.1656	-9.91E-21
6.1676	-1.74E-20
6.1696	2.50E-21
6.1716	6.27E-21
6.1736	-2.27E-20
6.1756	2.53E-21
6.1776	1.27E-20
6.1796	1.15E-20
6.1816	-2.57E-21
6.1836	-3.87E-21
6.1856	-7.77E-21
6.1876	1.56E-20
6.1896	1.96E-20
6.1916	-3.94E-21
6.1936	-1.06E-20
6.1956	-2.25E-20
6.1976	6.66E-21
6.1996	8.03E-21
6.2016	-1.08E-20
6.2036	-4.05E-21
6.2056	-9.50E-21
6.2076	-6.82E-21
6.2096	1.51E-20
6.2116	1.38E-21
6.2136	9.68E-21
6.2156	-2.78E-21
6.2176	9.78E-21
6.2196	-1.26E-20
6.2216	-4.23E-21
6.2236	5.67E-21
6.2256	-1.42E-20
6.2276	-5.73E-21
6.2296	1.29E-20
6.2316	-4.34E-21
6.2336	-7.26E-21
6.2356	-8.76E-21
6.2376	-2.64E-20
6.2396	2.95E-21
6.2416	-1.33E-20
6.2436	1.94E-20
6.2456	1.20E-20
6.2476	-1.35E-20
6.2496	3.02E-21
6.2516	1.22E-20
6.2536	0.00E+00
6.2556	1.07E-20
6.2576	-9.26E-21
6.2596	1.86E-20
6.2616	-1.56E-20
6.2636	4.70E-21
6.2656	3.15E-21
6.2676	-9.51E-21
6.2696	2.39E-20
6.2716	1.60E-21
6.2736	1.77E-20
6.2756	0.00E+00
6.2776	9.76E-21
6.2796	-1.14E-20
6.2816	0.00E+00
6.2836	-2.65E-20
6.2856	-1.99E-20
6.2876	-1.34E-20
6.2896	-6.72E-21
6.2916	-6.76E-21
6.2936	-2.04E-20
6.2956	-2.73E-20
6.2976	-1.03E-20
6.2996	0.00E+00
6.3016	-1.74E-20
6.3036	-2.10E-20
6.3056	1.05E-20
6.3076	-7.07E-21
6.3096	-1.07E-20
6.3116	-1.43E-20
6.3136	7.19E-21
6.3156	3.62E-21
6.3176	-7.27E-21
6.3196	-2.56E-20
6.3216	-1.10E-20
6.3236	0.00E+00
6.3256	0.00E+00
6.3276	0.00E+00
6.3296	3.01E-20
6.3316	-1.14E-20
6.3336	-3.81E-21
6.3356	-7.67E-21
6.3376	-4.63E-20
6.3396	-1.55E-20
6.3416	0.00E+00
6.3436	-3.93E-21
6.3456	-1.19E-20
6.3476	2.38E-20
6.3496	2.40E-20
6.3516	1.21E-20
6.3536	1.21E-20
6.3556	-1.22E-20
6.3576	-8.20E-21
6.3596	4.13E-21
6.3616	4.15E-21
6.3636	-1.25E-20
6.3656	-1.26E-20
6.3676	2.12E-20
6.3696	1.28E-20
6.3716	-2.57E-20
6.3736	0.00E+00
6.3756	1.74E-20
6.3776	0.00E+00
6.3796	2.64E-20
6.3816	-8.85E-21
6.3836	4.90E-20
6.3856	1.79E-20
6.3876	9.03E-21
6.3896	-5.00E-20
6.3916	0.00E+00
6.3936	-4.61E-21
6.3956	-9.28E-21
6.3976	4.67E-21
6.3996	-9.41E-21
6.4016	-9.47E-21
6.4036	2.38E-20
6.4056	-4.32E-20
6.4076	4.83E-21
6.4096	1.95E-20
6.4116	-9.81E-21
6.4136	4.94E-21
6.4156	-4.97E-20
6.4176	1.00E-20
6.4196	-1.51E-20
6.4216	5.08E-21
6.4236	-1.54E-20
6.4256	-5.16E-21
6.4276	1.04E-20
6.4296	-3.14E-20
6.4316	-5.27E-21
6.4336	-3.72E-20
6.4356	-5.88E-20
6.4376	-5.39E-21
6.4396	-2.17E-20
6.4416	-1.64E-20
6.4436	-3.31E-20
6.4456	-6.11E-20
6.4476	-3.36E-20
6.4496	-6.21E-20
6.4516	-5.69E-20
6.4536	-6.88E-20
6.4556	-3.47E-20
6.4576	-5.82E-20
6.4596	-9.97E-20
6.4616	-5.91E-20
6.4636	-1.55E-19
6.4656	-1.20E-19
6.4676	-1.45E-19
6.4696	-1.59E-19
6.4716	-1.48E-19
6.4736	-1.68E-19
6.4756	-1.94E-19
6.4776	-2.40E-19
6.4796	-1.72E-19
6.4816	-2.70E-19
6.4836	-2.98E-19
6.4856	-3.13E-19
6.4876	-3.42E-19
6.4896	-4.05E-19
6.4916	-3.89E-19
6.4936	-4.39E-19
6.4956	-5.25E-19
6.4976	-5.16E-19
6.4996	-6.80E-19
6.5016	-6.37E-19
6.5036	-7.07E-19
6.5056	-8.27E-19
6.5076	-8.49E-19
6.5096	-9.51E-19
6.5116	-1.12E-18
6.5136	-1.16E-18
6.5156	-1.28E-18
6.5176	-1.45E-18
6.5196	-1.65E-18
6.5216	-1.74E-18
6.5236	-1.85E-18
6.5256	-2.04E-18
6.5276	-2.39E-18
6.5296	-2.55E-18
6.5316	-2.82E-18
6.5336	-3.02E-18
6.5356	-3.38E-18
6.5376	-3.75E-18
6.5396	-4.09E-18
6.5416	-4.46E-18
6.5436	-4.91E-18
6.5456	-5.42E-18
6.5476	-5.94E-18
6.5496	-6.65E-18
6.5516	-7.28E-18
6.5536	-7.92E-18
6.5556	-8.82E-18
6.5576	-9.75E-18
6.5596	-1.08E-17
6.5616	-1.17E-17
6.5636	-1.29E-17
6.5656	-1.43E-17
6.5676	-1.57E-17
6.5696	-1.74E-17
6.5716	-1.93E-17
6.5736	-2.10E-17
6.5756	-2.33E-17
6.5776	-2.56E-17
6.5796	-2.83E-17
6.5816	-3.12E-17
6.5836	-3.44E-17
6.5856	-3.81E-17
6.5876	-4.19E-17
6.5896	-4.63E-17
6.5916	-5.11E-17
6.5936	-5.66E-17
6.5956	-6.26E-17
6.5976	-6.90E-17
6.5996	-7.63E-17
6.6016	-8.44E-17
6.6036	-9.31E-17
6.6056	-1.03E-16
6.6076	-1.14E-16
6.6096	-1.26E-16
6.6116	-1.39E-16
6.6136	-1.55E-16
6.6156	-1.71E-16
6.6176	-1.89E-16
6.6196	-2.10E-16
6.6216	-2.32E-16
6.6236	-2.57E-16
6.6256	-2.85E-16
6.6276	-3.16E-16
6.6296	-3.50E-16
6.6316	-3.88E-16
6.6336	-4.31E-16
6.6356	-4.78E-16
6.6376	-5.30E-16
6.6396	-5.89E-16
6.6416	-6.54E-16
6.6436	-7.26E-16
6.6456	-8.07E-16
6.6476	-8.97E-16
6.6496	-9.97E-16
6.6516	-1.11E-15
6.6536	-1.23E-15
6.6556	-1.37E-15
6.6576	-1.53E-15
6.6596	-1.70E-15
6.6616	-1.90E-15
6.6636	-2.11E-15
6.6656	-2.36E-15
6.6676	-2.63E-15
6.6696	-2.93E-15
6.6716	-3.27E-15
6.6736	-3.65E-15
6.6756	-4.08E-15
6.6776	-4.56E-15
6.6796	-5.10E-15
6.6816	-5.70E-15
6.6836	-6.38E-15
6.6856	-7.14E-15
6.6876	-7.99E-15
6.6896	-8.96E-15
6.6916	-1.00E-14
6.6936	-1.13E-14
6.6956	-1.26E-14
6.6976	-1.42E-14
6.6996	-1.59E-14
6.7016	-1.79E-14
6.7036	-2.01E-14
6.7056	-2.26E-14
6.7076	-2.55E-14
6.7096	-2.87E-14
6.7116	-3.23E-14
6.7136	-3.64E-14
6.7156	-4.11E-14
6.7176	-4.64E-14
6.7196	-5.24E-14
6.7216	-5.93E-14
6.7236	-6.71E-14
6.7256	-7.59E-14
6.7276	-8.60E-14
6.7296	-9.75E-14
6.7316	-1.11E-13
6.7336	-1.26E-13
6.7356	-1.43E-13
6.7376	-1.62E-13
6.7396	-1.85E-13
6.7416	-2.10E-13
6.7436	-2.40E-13
6.7456	-2.74E-13
6.7476	-3.12E-13
6.7496	-3.57E-13
6.7516	-4.09E-13
6.7536	-4.68E-13
6.7556	-5.37E-13
6.7576	-6.16E-13
6.7596	-7.07E-13
6.7616	-8.14E-13
6.7636	-9.37E-13
6.7656	-1.08E-12
6.7676	-1.25E-12
6.7696	-1.44E-12
6.7716	-1.67E-12
6.7736	-1.93E-12
6.7756	-2.24E-12
6.7776	-2.60E-12
6.7796	-3.02E-12
6.7816	-3.51E-12
6.7836	-4.10E-12
6.7856	-4.78E-12
6.7876	-5.59E-12
6.7896	-6.55E-12
6.7916	-7.68E-12
6.7936	-9.01E-12
6.7956	-1.06E-11
6.7976	-1.25E-11
6.7996	-1.47E-11
6.8016	-1.74E-11
6.8036	-2.06E-11
6.8056	-2.44E-11
6.8076	-2.90E-11
6.8096	-3.45E-11
6.8116	-4.11E-11
6.8136	-4.90E-11
6.8156	-5.86E-11
6.8176	-7.02E-11
6.8196	-8.42E-11
6.8216	-1.01E-10
6.8236	-1.22E-10
6.8256	-1.47E-10
6.8276	-1.77E-10
6.8296	-2.14E-10
6.8316	-2.60E-10
6.8336	-3.15E-10
6.8356	-3.83E-10
6.8376	-4.66E-10
6.8396	-5.69E-10
6.8416	-6.95E-10
6.8436	-8.49E-10
6.8456	-1.04E-09
6.8476	-1.28E-09
6.8496	-1.57E-09
6.8516	-1.93E-09
6.8536	-2.37E-09
6.8556	-2.93E-09
6.8576	-3.62E-09
6.8596	-4.47E-09
6.8616	-5.53E-09
6.8636	-6.85E-09
6.8656	-8.50E-09
6.8676	-1.06E-08
6.8696	-1.31E-08
6.8716	-1.63E-08
6.8736	-2.03E-08
6.8756	-2.53E-08
6.8776	-3.15E-08
6.8796	-3.93E-08
6.8816	-4.91E-08
6.8836	-6.14E-08
6.8856	-7.67E-08
6.8876	-9.59E-08
6.8896	-1.20E-07
6.8916	-1.50E-07
6.8936	-1.88E-07
6.8956	-2.36E-07
6.8976	-2.96E-07
6.8996	-3.71E-07
6.9016	-4.66E-07
6.9036	-5.85E-07
6.9056	-7.35E-07
6.9076	-9.23E-07
6.9096	-1.16E-06
6.9116	-1.46E-06
6.9136	-1.83E-06
6.9156	-2.30E-06
6.9176	-2.90E-06
6.9196	-3.64E-06
6.9216	-4.59E-06
6.9236	-5.77E-06
6.9256	-7.26E-06
6.9276	-9.14E-06
6.9296	-1.15E-05
6.9316	-1.45E-05
6.9336	-1.82E-05
6.9356	-2.30E-05
6.9376	-2.89E-05
6.9396	-3.65E-05
6.9416	-4.59E-05
6.9436	-5.79E-05
6.9456	-7.29E-05
6.9476	-9.19E-05
6.9496	-1.16E-04
6.9516	-1.46E-04
6.9536	-1.84E-04
6.9556	-2.32E-04
6.9576	-2.92E-04
6.9596	-3.68E-04
6.9616	-4.63E-04
6.9636	-5.84E-04
6.9656	-7.36E-04
6.9676	-9.27E-04
6.9696	-1.17E-03
6.9716	-1.47E-03
6.9736	-1.86E-03
6.9756	-2.34E-03
6.9776	-2.94E-03
6.9796	-3.71E-03
6.9816	-4.67E-03
6.9836	-5.88E-03
6.9856	-7.39E-03
6.9876	-9.30E-03
6.9896	-1.17E-02
6.9916	-1.47E-02
6.9936	-1.85E-02
6.9956	-2.32E-02
6.9976	-2.91E-02
6.9996	-3.65E-02
7.0016	-4.58E-02
7.0036	-5.73E-02
7.0056	-7.16E-02
7.0076	-8.94E-02
7.0096	-1.11E-01
7.0116	-1.39E-01
7.0136	-1.72E-01
7.0156	-2.13E-01
7.0176	-2.64E-01
7.0196	-3.25E-01
7.0216	-3.99E-01
7.0236	-4.88E-01
7.0256	-5.95E-01
7.0276	-7.23E-01
7.0296	-8.73E-01
7.0316	-1.05E+00
7.0336	-1.26E+00
7.0356	-1.49E+00
7.0376	-1.76E+00
7.0396	-2.07E+00
7.0416	-2.42E+00
7.0436	-2.81E+00
7.0456	-3.25E+00
7.0476	-3.73E+00
7.0496	-4.25E+00
7.0516	-4.82E+00
7.0536	-5.44E+00
7.0556	-6.11E+00
7.0576	-6.83E+00
7.0596	-7.59E+00
7.0616	-8.41E+00
7.0636	-9.29E+00
7.0656	-1.02E+01
7.0676	-1.12E+01
7.0696	-1.22E+01
7.0716	-1.33E+01
7.0736	-1.45E+01
7.0756	-1.57E+01
7.0776	-1.69E+01
7.0796	-1.82E+01
7.0816	-1.96E+01
7.0836	-2.10E+01
7.0856	-2.24E+01
7.0876	-2.38E+01
7.0896	-2.53E+01
7.0916	-2.67E+01
7.0936	-2.82E+01
7.0956	-2.95E+01
7.0976	-3.08E+01
7.0996	-3.20E+01
7.1016	-3.31E+01
7.1036	-3.40E+01
7.1056	-3.48E+01
7.1076	-3.53E+01
7.1096	-3.57E+01
7.1116	-3.58E+01
7.1136	-3.57E+01
7.1156	-3.54E+01
7.1176	-3.49E+01
7.1196	-3.42E+01
7.1216	-3.33E+01
7.1236	-3.23E+01
7.1256	-3.11E+01
7.1276	-2.98E+01
7.1296	-2.85E+01
7.1316	-2.71E+01
7.1336	-2.57E+01
7.1356	-2.42E+01
7.1376	-2.28E+01
7.1396	-2.13E+01
7.1416	-1.99E+01
7.1436	-1.86E+01
7.1456	-1.72E+01
7.1476	-1.60E+01
7.1496	-1.48E+01
7.1516	-1.36E+01
7.1536	-1.25E+01
7.1556	-1.14E+01
7.1576	-1.04E+01
7.1596	-9.51E+00
7.1616	-8.63E+00
7.1636	-7.79E+00
7.1656	-7.01E+00
7.1676	-6.28E+00
7.1696	-5.60E+00
7.1716	-4.97E+00
7.1736	-4.39E+00
7.1756	-3.85E+00
7.1776	-3.36E+00
7.1796	-2.92E+00
7.1816	-2.52E+00
7.1836	-2.16E+00
7.1856	-1.84E+00
7.1876	-1.56E+00
7.1896	-1.31E+00
7.1916	-1.10E+00
7.1936	-9.16E-01
7.1956	-7.59E-01
7.1976	-6.26E-01
7.1996	-5.14E-01
7.2016	-4.21E-01
7.2036	-3.43E-01
7.2056	-2.79E-01
7.2076	-2.26E-01
7.2096	-1.82E-01
7.2116	-1.47E-01
7.2136	-1.18E-01
7.2156	-9.48E-02
7.2176	-7.60E-02
7.2196	-6.09E-02
7.2216	-4.87E-02
7.2236	-3.89E-02
7.2256	-3.10E-02
7.2276	-2.47E-02
7.2296	-1.97E-02
7.2316	-1.57E-02
7.2336	-1.25E-02
7.2356	-9.94E-03
7.2376	-7.91E-03
7.2396	-6.29E-03
7.2416	-5.00E-03
7.2436	-3.97E-03
7.2456	-3.16E-03
7.2476	-2.51E-03
7.2496	-2.00E-03
7.2516	-1.59E-03
7.2536	-1.26E-03
7.2556	-1.00E-03
7.2576	-7.96E-04
7.2596	-6.33E-04
7.2616	-5.03E-04
7.2636	-4.00E-04
7.2656	-3.18E-04
7.2676	-2.53E-04
7.2696	-2.01E-04
7.2716	-1.60E-04
7.2736	-1.27E-04
7.2756	-1.01E-04
7.2776	-8.07E-05
7.2796	-6.43E-05
7.2816	-5.12E-05
7.2836	-4.08E-05
7.2856	-3.25E-05
7.2876	-2.59E-05
7.2896	-2.07E-05
7.2916	-1.65E-05
7.2936	-1.32E-05
7.2956	-1.05E-05
7.2976	-8.43E-06
7.2996	-6.74E-06
7.3016	-5.40E-06
7.3036	-4.32E-06
7.3056	-3.46E-06
7.3076	-2.78E-06
7.3096	-2.23E-06
7.3116	-1.79E-06
7.3136	-1.44E-06
7.3156	-1.16E-06
7.3176	-9.34E-07
7.3196	-7.53E-07
7.3216	-6.08E-07
7.3236	-4.91E-07
7.3256	-3.97E-07
7.3276	-3.22E-07
7.3296	-2.61E-07
7.3316	-2.12E-07
7.3336	-1.72E-07
7.3356	-1.40E-07
7.3376	-1.14E-07
7.3396	-9.34E-08
7.3416	-7.63E-08
7.3436	-6.25E-08
7.3456	-5.13E-08
7.3476	-4.21E-08
7.3496	-3.46E-08
7.3516	-2.85E-08
7.3536	-2.36E-08
7.3556	-1.95E-08
7.3576	-1.61E-08
7.3596	-1.34E-08
7.3616	-1.11E-08
7.3636	-9.25E-09
7.3656	-7.71E-09
7.3676	-6.44E-09
7.3696	-5.39E-09
7.3716	-4.52E-09
7.3736	-3.79E-09
7.3756	-3.19E-09
7.3776	-2.68E-09
7.3796	-2.26E-09
7.3816	-1.91E-09
7.3836	-1.62E-09
7.3856	-1.37E-09
7.3876	-1.17E-09
7.3896	-9.91E-10
7.3916	-8.44E-10
7.3936	-7.20E-10
7.3956	-6.15E-10
7.3976	-5.26E-10
7.3996	-4.50E-10
7.4016	-3.86E-10
7.4036	-3.32E-10
7.4056	-2.85E-10
7.4076	-2.46E-10
7.4096	-2.12E-10
7.4116	-1.83E-10
7.4136	-1.58E-10
7.4156	-1.37E-10
7.4176	-1.19E-10
7.4196	-1.03E-10
7.4216	-8.94E-11
7.4236	-7.78E-11
7.4256	-6.77E-11
7.4276	-5.90E-11
7.4296	-5.14E-11
7.4316	-4.49E-11
7.4336	-3.93E-11
7.4356	-3.43E-11
7.4376	-3.01E-11
7.4396	-2.64E-11
7.4416	-2.31E-11
7.4436	-2.03E-11
7.4456	-1.78E-11
7.4476	-1.57E-11
7.4496	-1.38E-11
7.4516	-1.22E-11
7.4536	-1.07E-11
7.4556	-9.45E-12
7.4576	-8.34E-12
7.4596	-7.37E-12
7.4616	-6.52E-12
7.4636	-5.76E-12
7.4656	-5.10E-12
7.4676	-4.52E-12
7.4696	-4.01E-12
7.4716	-3.55E-12
7.4736	-3.15E-12
7.4756	-2.80E-12
7.4776	-2.49E-12
7.4796	-2.21E-12
7.4816	-1.97E-12
7.4836	-1.75E-12
7.4856	-1.56E-12
7.4876	-1.39E-12
7.4896	-1.24E-12
7.4916	-1.10E-12
7.4936	-9.84E-13
7.4956	-8.79E-13
7.4976	-7.85E-13
7.4996	-7.01E-13
7.5016	-6.27E-13
7.5036	-5.60E-13
7.5056	-5.01E-13
7.5076	-4.49E-13
7.5096	-4.02E-13
7.5116	-3.60E-13
7.5136	-3.22E-13
7.5156	-2.89E-13
7.5176	-2.59E-13
7.5196	-2.32E-13
7.5216	-2.09E-13
7.5236	-1.87E-13
7.5256	-1.68E-13
7.5276	-1.51E-13
7.5296	-1.36E-13
7.5316	-1.22E-13
7.5336	-1.10E-13
7.5356	-9.86E-14
7.5376	-8.87E-14
7.5396	-7.98E-14
7.5416	-7.19E-14
7.5436	-6.47E-14
7.5456	-5.83E-14
7.5476	-5.25E-14
7.5496	-4.73E-14
7.5516	-4.27E-14
7.5536	-3.85E-14
7.5556	-3.47E-14
7.5576	-3.13E-14
7.5596	-2.83E-14
7.5616	-2.55E-14
7.5636	-2.30E-14
7.5656	-2.08E-14
7.5676	-1.88E-14
7.5696	-1.70E-14
7.5716	-1.53E-14
7.5736	-1.39E-14
7.5756	-1.25E-14
7.5776	-1.13E-14
7.5796	-1.03E-14
7.5816	-9.28E-15
7.5836	-8.39E-15
7.5856	-7.59E-15
7.5876	-6.88E-15
7.5896	-6.23E-15
7.5916	-5.64E-15
7.5936	-5.11E-15
7.5956	-4.63E-15
7.5976	-4.19E-15
7.5996	-3.80E-15
7.6016	-3.44E-15
7.6036	-3.12E-15
7.6056	-2.83E-15
7.6076	-2.57E-15
7.6096	-2.33E-15
7.6116	-2.11E-15
7.6136	-1.91E-15
7.6156	-1.74E-15
7.6176	-1.58E-15
7.6196	-1.43E-15
7.6216	-1.30E-15
7.6236	-1.18E-15
7.6256	-1.07E-15
7.6276	-9.73E-16
7.6296	-8.84E-16
7.6316	-8.03E-16
7.6336	-7.30E-16
7.6356	-6.63E-16
7.6376	-6.03E-16
7.6396	-5.48E-16
7.6416	-4.98E-16
7.6436	-4.54E-16
7.6456	-4.12E-16
7.6476	-3.75E-16
7.6496	-3.40E-16
7.6516	-3.11E-16
7.6536	-2.82E-16
7.6556	-2.57E-16
7.6576	-2.33E-16
7.6596	-2.11E-16
7.6616	-1.94E-16
7.6636	-1.77E-16
7.6656	-1.60E-16
7.6676	-1.46E-16
7.6696	-1.33E-16
7.6716	-1.21E-16
7.6736	-1.11E-16
7.6756	-1.01E-16
7.6776	-9.20E-17
7.6796	-8.29E-17
7.6816	-7.58E-17
7.6836	-6.90E-17
7.6856	-6.27E-17
7.6876	-5.80E-17
7.6896	-5.21E-17
7.6916	-4.78E-17
7.6936	-4.32E-17
7.6956	-3.95E-17
7.6976	-3.59E-17
7.6996	-3.31E-17
7.7016	-2.97E-17
7.7036	-2.73E-17
7.7056	-2.57E-17
7.7076	-2.24E-17
7.7096	-2.09E-17
7.7116	-1.97E-17
7.7136	-1.69E-17
7.7156	-1.61E-17
7.7176	-1.44E-17
7.7196	-1.32E-17
7.7216	-1.18E-17
7.7236	-1.08E-17
7.7256	-1.04E-17
7.7276	-9.96E-18
7.7296	-8.46E-18
7.7316	-8.06E-18
7.7336	-6.97E-18
7.7356	-6.97E-18
7.7376	-6.12E-18
7.7396	-5.18E-18
7.7416	-5.03E-18
7.7436	-3.64E-18
7.7456	-3.72E-18
7.7476	-3.84E-18
7.7496	-3.76E-18
7.7516	-3.74E-18
7.7536	-3.26E-18
7.7556	-2.49E-18
7.7576	-2.72E-18
7.7596	-2.01E-18
7.7616	-2.53E-18
7.7636	-2.51E-18
7.7656	-1.58E-18
7.7676	-1.19E-18
7.7696	-1.32E-18
7.7716	-9.40E-19
7.7736	-1.35E-18
7.7756	-1.44E-18
7.7776	-1.06E-18
7.7796	-6.40E-19
7.7816	-4.99E-19
7.7836	-8.11E-19
7.7856	-5.37E-19
7.7876	-6.22E-19
7.7896	-8.83E-20
7.7916	-2.63E-19
7.7936	-5.66E-19
7.7956	-4.33E-19
7.7976	-6.02E-19
7.7996	-8.11E-19
7.8016	-3.82E-19
7.8036	-4.21E-19
7.8056	-1.67E-19
7.8076	-2.08E-19
7.8096	-2.07E-19
7.8116	-3.70E-19
7.8136	-4.08E-20
7.8156	4.05E-20
7.8176	2.82E-19
7.8196	-1.60E-19
7.8216	3.18E-19
7.8236	-2.37E-19
7.8256	0.00E+00
7.8276	3.90E-20
7.8296	1.94E-19
7.8316	-3.86E-20
7.8336	3.83E-20
7.8356	-7.62E-20
7.8376	1.51E-19
7.8396	-2.26E-19
7.8416	1.50E-19
7.8436	-3.72E-20
7.8456	-3.70E-20
7.8476	0.00E+00
7.8496	-3.65E-20
7.8516	-3.63E-19
7.8536	-3.61E-20
7.8556	1.43E-19
7.8576	3.57E-20
7.8596	-1.77E-19
7.8616	1.41E-19
7.8636	-3.50E-19
7.8656	-1.39E-19
7.8676	0.00E+00
7.8696	6.89E-20
7.8716	2.40E-19
7.8736	1.36E-19
7.8756	1.35E-19
7.8776	3.03E-19
7.8796	-1.67E-19
7.8816	6.66E-20
7.8836	-6.62E-20
7.8856	6.59E-20
7.8876	3.27E-20
7.8896	1.30E-19
7.8916	3.24E-20
7.8936	1.29E-19
7.8956	-9.61E-20
7.8976	-3.19E-20
7.8996	-9.51E-20
7.9016	0.00E+00
7.9036	-2.19E-19
7.9056	2.49E-19
7.9076	-3.10E-20
7.9096	9.25E-20
7.9116	3.07E-20
7.9136	-9.16E-20
7.9156	6.07E-20
7.9176	-1.21E-19
7.9196	0.00E+00
7.9216	-2.09E-19
7.9236	8.92E-20
7.9256	-8.87E-20
7.9276	-1.18E-19
7.9296	5.86E-20
7.9316	1.75E-19
7.9336	-1.45E-19
7.9356	-5.77E-20
7.9376	8.61E-20
7.9396	5.71E-20
7.9416	8.52E-20
7.9436	2.83E-20
7.9456	1.83E-19
7.9476	1.68E-19
7.9496	1.53E-19
7.9516	1.94E-19
7.9536	5.51E-20
7.9556	-2.74E-20
7.9576	-5.46E-20
7.9596	-1.36E-19
7.9616	-8.11E-20
7.9636	1.08E-19
7.9656	1.47E-19
7.9676	-1.07E-19
7.9696	1.33E-19
7.9716	7.92E-20
7.9736	1.97E-19
7.9756	-6.53E-20
7.9776	1.30E-20
7.9796	2.59E-20
7.9816	1.29E-19
7.9836	-1.03E-19
7.9856	5.11E-20
7.9876	-1.14E-19
7.9896	-3.29E-19
7.9916	8.81E-20
7.9936	-6.26E-20
7.9956	-1.25E-19
7.9976	1.24E-19
7.9996	1.61E-19
8.0016	-3.69E-20
8.0036	8.57E-20
8.0056	-4.88E-20
8.0076	-7.28E-20
8.0096	8.46E-20
8.0116	-1.44E-19
8.0136	-3.59E-20
8.0156	1.19E-20
8.0176	-7.12E-20
8.0196	-1.18E-20
8.0216	-2.12E-19
8.0236	4.68E-20
8.0256	5.83E-20
8.0276	-2.32E-20
8.0296	1.16E-19
8.0316	-3.45E-20
8.0336	1.72E-19
8.0356	2.28E-20
8.0376	-7.95E-20
8.0396	-5.65E-20
8.0416	-9.01E-20
8.0436	-8.97E-20
8.0456	-2.23E-20
8.0476	0.00E+00
8.0496	-3.32E-20
8.0516	3.31E-20
8.0536	1.65E-19
8.0556	7.65E-20
8.0576	0.00E+00
8.0596	-1.08E-20
8.0616	1.08E-20
8.0636	2.15E-20
8.0656	2.14E-20
8.0676	-1.28E-19
8.0696	-1.06E-20
8.0716	-2.11E-20
8.0736	-8.42E-20
8.0756	-5.24E-20
8.0776	0.00E+00
8.0796	0.00E+00
8.0816	5.18E-20
8.0836	-2.06E-20
8.0856	3.08E-20
8.0876	0.00E+00
8.0896	1.02E-20
8.0916	-2.03E-20
