mu	ht
5.6265701	-1.62E-08
5.6280357	-1.62E-08
5.6295013	-1.63E-08
5.6309669	-1.64E-08
5.6324325	-1.65E-08
5.6338981	-1.65E-08
5.6353637	-1.66E-08
5.6368293	-1.67E-08
5.6382949	-1.68E-08
5.6397605	-1.68E-08
5.6412261	-1.69E-08
5.6426917	-1.70E-08
5.6441573	-1.71E-08
5.6456229	-1.71E-08
5.6470885	-1.72E-08
5.6485541	-1.73E-08
5.6500197	-1.74E-08
5.6514853	-1.75E-08
5.6529509	-1.75E-08
5.6544165	-1.76E-08
5.6558821	-1.77E-08
5.6573477	-1.78E-08
5.6588133	-1.79E-08
5.6602789	-1.80E-08
5.6617445	-1.80E-08
5.6632101	-1.81E-08
5.6646757	-1.82E-08
5.6661413	-1.83E-08
5.6676069	-1.84E-08
5.6690725	-1.85E-08
5.6705381	-1.86E-08
5.6720037	-1.87E-08
5.6734693	-1.87E-08
5.6749349	-1.88E-08
5.6764005	-1.89E-08
5.6778661	-1.90E-08
5.6793317	-1.91E-08
5.6807973	-1.92E-08
5.6822629	-1.93E-08
5.6837285	-1.94E-08
5.6851941	-1.95E-08
5.6866597	-1.96E-08
5.6881253	-1.97E-08
5.6895909	-1.98E-08
5.6910565	-1.99E-08
5.6925221	-2.00E-08
5.6939877	-2.01E-08
5.6954533	-2.02E-08
5.6969189	-2.03E-08
5.6983845	-2.04E-08
5.6998501	-2.05E-08
5.7013157	-2.06E-08
5.7027813	-2.07E-08
5.7042469	-2.08E-08
5.7057125	-2.09E-08
5.7071781	-2.10E-08
5.7086437	-2.12E-08
5.7101093	-2.13E-08
5.7115749	-2.14E-08
5.7130405	-2.15E-08
5.7145061	-2.16E-08
5.7159717	-2.17E-08
5.7174373	-2.18E-08
5.7189029	-2.20E-08
5.7203685	-2.21E-08
5.7218341	-2.22E-08
5.7232997	-2.23E-08
5.7247653	-2.24E-08
5.7262309	-2.26E-08
5.7276965	-2.27E-08
5.7291621	-2.28E-08
5.7306277	-2.29E-08
5.7320933	-2.31E-08
5.7335589	-2.32E-08
5.7350245	-2.33E-08
5.7364901	-2.34E-08
5.7379557	-2.36E-08
5.7394213	-2.37E-08
5.7408869	-2.38E-08
5.7423525	-2.40E-08
5.7438181	-2.41E-08
5.7452837	-2.43E-08
5.7467493	-2.44E-08
5.7482149	-2.45E-08
5.7496805	-2.47E-08
5.7511461	-2.48E-08
5.7526117	-2.50E-08
5.7540773	-2.51E-08
5.7555429	-2.53E-08
5.7570085	-2.54E-08
5.7584741	-2.56E-08
5.7599397	-2.57E-08
5.7614053	-2.59E-08
5.7628709	-2.60E-08
5.7643365	-2.62E-08
5.7658021	-2.64E-08
5.7672677	-2.65E-08
5.7687333	-2.67E-08
5.7701989	-2.68E-08
5.7716645	-2.70E-08
5.7731301	-2.72E-08
5.7745957	-2.73E-08
5.7760613	-2.75E-08
5.7775269	-2.77E-08
5.7789925	-2.79E-08
5.7804581	-2.80E-08
5.7819237	-2.82E-08
5.7833893	-2.84E-08
5.7848549	-2.86E-08
5.7863205	-2.88E-08
5.7877861	-2.89E-08
5.7892517	-2.91E-08
5.7907173	-2.93E-08
5.7921829	-2.95E-08
5.7936485	-2.97E-08
5.7951141	-2.99E-08
5.7965797	-3.01E-08
5.7980453	-3.03E-08
5.7995109	-3.05E-08
5.8009765	-3.07E-08
5.8024421	-3.09E-08
5.8039077	-3.11E-08
5.8053733	-3.13E-08
5.8068389	-3.16E-08
5.8083045	-3.18E-08
5.8097701	-3.20E-08
5.8112357	-3.22E-08
5.8127013	-3.24E-08
5.8141669	-3.27E-08
5.8156325	-3.29E-08
5.8170981	-3.31E-08
5.8185637	-3.34E-08
5.8200293	-3.36E-08
5.8214949	-3.38E-08
5.8229605	-3.41E-08
5.8244261	-3.43E-08
5.8258917	-3.46E-08
5.8273573	-3.48E-08
5.8288229	-3.51E-08
5.8302885	-3.53E-08
5.8317541	-3.56E-08
5.8332197	-3.59E-08
5.8346853	-3.61E-08
5.8361509	-3.64E-08
5.8376165	-3.67E-08
5.8390821	-3.70E-08
5.8405477	-3.72E-08
5.8420133	-3.75E-08
5.8434789	-3.78E-08
5.8449445	-3.81E-08
5.8464101	-3.84E-08
5.8478757	-3.87E-08
5.8493413	-3.90E-08
5.8508069	-3.93E-08
5.8522725	-3.96E-08
5.8537381	-4.00E-08
5.8552037	-4.03E-08
5.8566693	-4.06E-08
5.8581349	-4.09E-08
5.8596005	-4.13E-08
5.8610661	-4.16E-08
5.8625317	-4.19E-08
5.8639973	-4.23E-08
5.8654629	-4.26E-08
5.8669285	-4.30E-08
5.8683941	-4.34E-08
5.8698597	-4.37E-08
5.8713253	-4.41E-08
5.8727909	-4.45E-08
5.8742565	-4.49E-08
5.8757221	-4.53E-08
5.8771877	-4.57E-08
5.8786533	-4.61E-08
5.8801189	-4.65E-08
5.8815845	-4.69E-08
5.8830501	-4.73E-08
5.8845157	-4.77E-08
5.8859813	-4.81E-08
5.8874469	-4.86E-08
5.8889125	-4.90E-08
5.8903781	-4.95E-08
5.8918437	-4.99E-08
5.8933093	-5.04E-08
5.8947749	-5.09E-08
5.8962405	-5.13E-08
5.8977061	-5.18E-08
5.8991717	-5.23E-08
5.9006373	-5.28E-08
5.9021029	-5.33E-08
5.9035685	-5.39E-08
5.9050341	-5.44E-08
5.9064997	-5.49E-08
5.9079653	-5.55E-08
5.9094309	-5.60E-08
5.9108965	-5.66E-08
5.9123621	-5.72E-08
5.9138277	-5.77E-08
5.9152933	-5.83E-08
5.9167589	-5.89E-08
5.9182245	-5.95E-08
5.9196901	-6.02E-08
5.9211557	-6.08E-08
5.9226213	-6.14E-08
5.9240869	-6.21E-08
5.9255525	-6.28E-08
5.9270181	-6.34E-08
5.9284837	-6.41E-08
5.9299493	-6.48E-08
5.9314149	-6.55E-08
5.9328805	-6.63E-08
5.9343461	-6.70E-08
5.9358117	-6.78E-08
5.9372773	-6.85E-08
5.9387429	-6.93E-08
5.9402085	-7.01E-08
5.9416741	-7.09E-08
5.9431397	-7.18E-08
5.9446053	-7.26E-08
5.9460709	-7.35E-08
5.9475365	-7.43E-08
5.9490021	-7.52E-08
5.9504677	-7.62E-08
5.9519333	-7.71E-08
5.9533989	-7.80E-08
5.9548645	-7.90E-08
5.9563301	-8.00E-08
5.9577957	-8.10E-08
5.9592613	-8.20E-08
5.9607269	-8.31E-08
5.9621925	-8.42E-08
5.9636581	-8.53E-08
5.9651237	-8.64E-08
5.9665893	-8.75E-08
5.9680549	-8.87E-08
5.9695205	-8.99E-08
5.9709861	-9.11E-08
5.9724517	-9.24E-08
5.9739173	-9.37E-08
5.9753829	-9.50E-08
5.9768485	-9.63E-08
5.9783141	-9.77E-08
5.9797797	-9.91E-08
5.9812453	-1.01E-07
5.9827109	-1.02E-07
5.9841765	-1.03E-07
5.9856421	-1.05E-07
5.9871077	-1.07E-07
5.9885733	-1.08E-07
5.9900389	-1.10E-07
5.9915045	-1.12E-07
5.9929701	-1.13E-07
5.9944357	-1.15E-07
5.9959013	-1.17E-07
5.9973669	-1.19E-07
5.9988325	-1.21E-07
6.0002981	-1.23E-07
6.0017637	-1.25E-07
6.0032293	-1.27E-07
6.0046949	-1.29E-07
6.0061605	-1.31E-07
6.0076261	-1.33E-07
6.0090917	-1.36E-07
6.0105573	-1.38E-07
6.0120229	-1.41E-07
6.0134885	-1.43E-07
6.0149541	-1.46E-07
6.0164197	-1.48E-07
6.0178853	-1.51E-07
6.0193509	-1.54E-07
6.0208165	-1.57E-07
6.0222821	-1.60E-07
6.0237477	-1.63E-07
6.0252133	-1.66E-07
6.0266789	-1.70E-07
6.0281445	-1.73E-07
6.0296101	-1.76E-07
6.0310757	-1.80E-07
6.0325413	-1.84E-07
6.0340069	-1.88E-07
6.0354725	-1.92E-07
6.0369381	-1.96E-07
6.0384037	-2.00E-07
6.0398693	-2.05E-07
6.0413349	-2.09E-07
6.0428005	-2.14E-07
6.0442661	-2.19E-07
6.0457317	-2.24E-07
6.0471973	-2.29E-07
6.0486629	-2.34E-07
6.0501285	-2.40E-07
6.0515941	-2.46E-07
6.0530597	-2.52E-07
6.0545253	-2.58E-07
6.0559909	-2.65E-07
6.0574565	-2.72E-07
6.0589221	-2.79E-07
6.0603877	-2.86E-07
6.0618533	-2.94E-07
6.0633189	-3.02E-07
6.0647845	-3.10E-07
6.0662501	-3.19E-07
6.0677157	-3.28E-07
6.0691813	-3.37E-07
6.0706469	-3.47E-07
6.0721125	-3.57E-07
6.0735781	-3.67E-07
6.0750437	-3.78E-07
6.0765093	-3.90E-07
6.0779749	-4.02E-07
6.0794405	-4.15E-07
6.0809061	-4.28E-07
6.0823717	-4.41E-07
6.0838373	-4.56E-07
6.0853029	-4.71E-07
6.0867685	-4.87E-07
6.0882341	-5.03E-07
6.0896997	-5.20E-07
6.0911653	-5.39E-07
6.0926309	-5.58E-07
6.0940965	-5.78E-07
6.0955621	-5.98E-07
6.0970277	-6.20E-07
6.0984933	-6.43E-07
6.0999589	-6.68E-07
6.1014245	-6.93E-07
6.1028901	-7.20E-07
6.1043557	-7.48E-07
6.1058213	-7.77E-07
6.1072869	-8.09E-07
6.1087525	-8.41E-07
6.1102181	-8.76E-07
6.1116837	-9.12E-07
6.1131493	-9.50E-07
6.1146149	-9.90E-07
6.1160805	-1.03E-06
6.1175461	-1.08E-06
6.1190117	-1.12E-06
6.1204773	-1.17E-06
6.1219429	-1.23E-06
6.1234085	-1.28E-06
6.1248741	-1.34E-06
6.1263397	-1.40E-06
6.1278053	-1.47E-06
6.1292709	-1.54E-06
6.1307365	-1.61E-06
6.1322021	-1.68E-06
6.1336677	-1.77E-06
6.1351333	-1.85E-06
6.1365989	-1.94E-06
6.1380645	-2.04E-06
6.1395301	-2.14E-06
6.1409957	-2.24E-06
6.1424613	-2.36E-06
6.1439269	-2.48E-06
6.1453925	-2.60E-06
6.1468581	-2.73E-06
6.1483237	-2.88E-06
6.1497893	-3.02E-06
6.1512549	-3.18E-06
6.1527205	-3.35E-06
6.1541861	-3.52E-06
6.1556517	-3.71E-06
6.1571173	-3.91E-06
6.1585829	-4.12E-06
6.1600485	-4.34E-06
6.1615141	-4.57E-06
6.1629797	-4.82E-06
6.1644453	-5.08E-06
6.1659109	-5.35E-06
6.1673765	-5.65E-06
6.1688421	-5.96E-06
6.1703077	-6.28E-06
6.1717733	-6.63E-06
6.1732389	-7.00E-06
6.1747045	-7.38E-06
6.1761701	-7.79E-06
6.1776357	-8.23E-06
6.1791013	-8.69E-06
6.1805669	-9.17E-06
6.1820325	-9.69E-06
6.1834981	-1.02E-05
6.1849637	-1.08E-05
6.1864293	-1.14E-05
6.1878949	-1.21E-05
6.1893605	-1.27E-05
6.1908261	-1.35E-05
6.1922917	-1.42E-05
6.1937573	-1.50E-05
6.1952229	-1.59E-05
6.1966885	-1.68E-05
6.1981541	-1.78E-05
6.1996197	-1.88E-05
6.2010853	-1.99E-05
6.2025509	-2.10E-05
6.2040165	-2.22E-05
6.2054821	-2.35E-05
6.2069477	-2.48E-05
6.2084133	-2.62E-05
6.2098789	-2.78E-05
6.2113445	-2.94E-05
6.2128101	-3.10E-05
6.2142757	-3.28E-05
6.2157413	-3.47E-05
6.2172069	-3.67E-05
6.2186725	-3.89E-05
6.2201381	-4.11E-05
6.2216037	-4.35E-05
6.2230693	-4.60E-05
6.2245349	-4.87E-05
6.2260005	-5.15E-05
6.2274661	-5.45E-05
6.2289317	-5.76E-05
6.2303973	-6.09E-05
6.2318629	-6.45E-05
6.2333285	-6.82E-05
6.2347941	-7.22E-05
6.2362597	-7.64E-05
6.2377253	-8.08E-05
6.2391909	-8.55E-05
6.2406565	-9.05E-05
6.2421221	-9.57E-05
6.2435877	-1.01E-04
6.2450533	-1.07E-04
6.2465189	-1.13E-04
6.2479845	-1.20E-04
6.2494501	-1.27E-04
6.2509157	-1.34E-04
6.2523813	-1.42E-04
6.2538469	-1.50E-04
6.2553125	-1.59E-04
6.2567781	-1.68E-04
6.2582437	-1.78E-04
6.2597093	-1.89E-04
6.2611749	-2.00E-04
6.2626405	-2.11E-04
6.2641061	-2.23E-04
6.2655717	-2.36E-04
6.2670373	-2.50E-04
6.2685029	-2.65E-04
6.2699685	-2.80E-04
6.2714341	-2.96E-04
6.2728997	-3.14E-04
6.2743653	-3.32E-04
6.2758309	-3.51E-04
6.2772965	-3.71E-04
6.2787621	-3.93E-04
6.2802277	-4.16E-04
6.2816933	-4.40E-04
6.2831589	-4.65E-04
6.2846245	-4.92E-04
6.2860901	-5.21E-04
6.2875557	-5.51E-04
6.2890213	-5.83E-04
6.2904869	-6.16E-04
6.2919525	-6.52E-04
6.2934181	-6.90E-04
6.2948837	-7.29E-04
6.2963493	-7.71E-04
6.2978149	-8.15E-04
6.2992805	-8.62E-04
6.3007461	-9.11E-04
6.3022117	-9.63E-04
6.3036773	-1.02E-03
6.3051429	-1.07E-03
6.3066085	-1.14E-03
6.3080741	-1.20E-03
6.3095397	-1.27E-03
6.3110053	-1.34E-03
6.3124709	-1.41E-03
6.3139365	-1.49E-03
6.3154021	-1.57E-03
6.3168677	-1.65E-03
6.3183333	-1.74E-03
6.3197989	-1.83E-03
6.3212645	-1.93E-03
6.3227301	-2.03E-03
6.3241957	-2.13E-03
6.3256613	-2.24E-03
6.3271269	-2.35E-03
6.3285925	-2.46E-03
6.3300581	-2.57E-03
6.3315237	-2.69E-03
6.3329893	-2.81E-03
6.3344549	-2.92E-03
6.3359205	-3.04E-03
6.3373861	-3.16E-03
6.3388517	-3.27E-03
6.3403173	-3.38E-03
6.3417829	-3.48E-03
6.3432485	-3.58E-03
6.3447141	-3.67E-03
6.3461797	-3.74E-03
6.3476453	-3.81E-03
6.3491109	-3.85E-03
6.3505765	-3.88E-03
6.3520421	-3.89E-03
6.3535077	-3.88E-03
6.3549733	-3.85E-03
6.3564389	-3.79E-03
6.3579045	-3.71E-03
6.3593701	-3.59E-03
6.3608357	-3.45E-03
6.3623013	-3.29E-03
6.3637669	-3.09E-03
6.3652325	-2.87E-03
6.3666981	-2.63E-03
6.3681637	-2.37E-03
6.3696293	-2.09E-03
6.3710949	-1.80E-03
6.3725605	-1.50E-03
6.3740261	-1.19E-03
6.3754917	-8.83E-04
6.3769573	-5.78E-04
6.3784229	-2.81E-04
6.3798885	4.87E-06
6.3813541	2.76E-04
6.3828197	5.30E-04
6.3842853	7.64E-04
6.3857509	9.77E-04
6.3872165	1.17E-03
6.3886821	1.33E-03
6.3901477	1.48E-03
6.3916133	1.60E-03
6.3930789	1.70E-03
6.3945445	1.77E-03
6.3960101	1.83E-03
6.3974757	1.87E-03
6.3989413	1.89E-03
6.4004069	1.90E-03
6.4018725	1.90E-03
6.4033381	1.88E-03
6.4048037	1.85E-03
6.4062693	1.82E-03
6.4077349	1.78E-03
6.4092005	1.73E-03
6.4106661	1.68E-03
6.4121317	1.63E-03
6.4135973	1.57E-03
6.4150629	1.51E-03
6.4165285	1.46E-03
6.4179941	1.40E-03
6.4194597	1.34E-03
6.4209253	1.28E-03
6.4223909	1.22E-03
6.4238565	1.17E-03
6.4253221	1.11E-03
6.4267877	1.06E-03
6.4282533	1.01E-03
6.4297189	9.59E-04
6.4311845	9.11E-04
6.4326501	8.65E-04
6.4341157	8.21E-04
6.4355813	7.79E-04
6.4370469	7.39E-04
6.4385125	7.00E-04
6.4399781	6.64E-04
6.4414437	6.29E-04
6.4429093	5.95E-04
6.4443749	5.64E-04
6.4458405	5.34E-04
6.4473061	5.05E-04
6.4487717	4.78E-04
6.4502373	4.52E-04
6.4517029	4.28E-04
6.4531685	4.05E-04
6.4546341	3.83E-04
6.4560997	3.62E-04
6.4575653	3.42E-04
6.4590309	3.24E-04
6.4604965	3.06E-04
6.4619621	2.89E-04
6.4634277	2.74E-04
6.4648933	2.59E-04
6.4663589	2.45E-04
6.4678245	2.31E-04
6.4692901	2.19E-04
6.4707557	2.07E-04
6.4722213	1.95E-04
6.4736869	1.85E-04
6.4751525	1.75E-04
6.4766181	1.65E-04
6.4780837	1.56E-04
6.4795493	1.47E-04
6.4810149	1.39E-04
6.4824805	1.32E-04
6.4839461	1.24E-04
6.4854117	1.18E-04
6.4868773	1.11E-04
6.4883429	1.05E-04
6.4898085	9.94E-05
6.4912741	9.40E-05
6.4927397	8.88E-05
6.4942053	8.40E-05
6.4956709	7.94E-05
6.4971365	7.51E-05
6.4986021	7.10E-05
6.5000677	6.71E-05
6.5015333	6.34E-05
6.5029989	6.00E-05
6.5044645	5.67E-05
6.5059301	5.36E-05
6.5073957	5.07E-05
6.5088613	4.80E-05
6.5103269	4.53E-05
6.5117925	4.29E-05
6.5132581	4.06E-05
6.5147237	3.84E-05
6.5161893	3.63E-05
6.5176549	3.43E-05
6.5191205	3.25E-05
6.5205861	3.07E-05
6.5220517	2.91E-05
6.5235173	2.75E-05
6.5249829	2.60E-05
6.5264485	2.46E-05
6.5279141	2.33E-05
6.5293797	2.21E-05
6.5308453	2.09E-05
6.5323109	1.98E-05
6.5337765	1.87E-05
6.5352421	1.77E-05
6.5367077	1.68E-05
6.5381733	1.59E-05
6.5396389	1.51E-05
6.5411045	1.43E-05
6.5425701	1.35E-05
6.5440357	1.28E-05
6.5455013	1.21E-05
6.5469669	1.15E-05
6.5484325	1.09E-05
6.5498981	1.03E-05
6.5513637	9.81E-06
6.5528293	9.31E-06
6.5542949	8.83E-06
6.5557605	8.38E-06
6.5572261	7.95E-06
6.5586917	7.55E-06
6.5601573	7.17E-06
6.5616229	6.81E-06
6.5630885	6.47E-06
6.5645541	6.15E-06
6.5660197	5.84E-06
6.5674853	5.56E-06
6.5689509	5.28E-06
6.5704165	5.03E-06
6.5718821	4.78E-06
6.5733477	4.55E-06
6.5748133	4.34E-06
6.5762789	4.13E-06
6.5777445	3.93E-06
6.5792101	3.75E-06
6.5806757	3.58E-06
6.5821413	3.41E-06
6.5836069	3.25E-06
6.5850725	3.11E-06
6.5865381	2.97E-06
6.5880037	2.83E-06
6.5894693	2.71E-06
6.5909349	2.59E-06
6.5924005	2.48E-06
6.5938661	2.37E-06
6.5953317	2.27E-06
6.5967973	2.17E-06
6.5982629	2.08E-06
6.5997285	2.00E-06
6.6011941	1.91E-06
6.6026597	1.84E-06
6.6041253	1.76E-06
6.6055909	1.69E-06
6.6070565	1.63E-06
6.6085221	1.56E-06
6.6099877	1.50E-06
6.6114533	1.44E-06
6.6129189	1.39E-06
6.6143845	1.34E-06
6.6158501	1.29E-06
6.6173157	1.24E-06
6.6187813	1.20E-06
6.6202469	1.16E-06
6.6217125	1.12E-06
6.6231781	1.08E-06
6.6246437	1.04E-06
6.6261093	1.01E-06
6.6275749	9.72E-07
6.6290405	9.40E-07
6.6305061	9.10E-07
6.6319717	8.81E-07
6.6334373	8.53E-07
6.6349029	8.26E-07
6.6363685	8.01E-07
6.6378341	7.77E-07
6.6392997	7.53E-07
6.6407653	7.31E-07
6.6422309	7.10E-07
6.6436965	6.89E-07
6.6451621	6.70E-07
6.6466277	6.51E-07
6.6480933	6.33E-07
6.6495589	6.16E-07
6.6510245	5.99E-07
6.6524901	5.83E-07
6.6539557	5.68E-07
6.6554213	5.53E-07
6.6568869	5.39E-07
6.6583525	5.25E-07
6.6598181	5.12E-07
6.6612837	4.99E-07
6.6627493	4.87E-07
6.6642149	4.75E-07
6.6656805	4.64E-07
6.6671461	4.53E-07
6.6686117	4.43E-07
6.6700773	4.32E-07
6.6715429	4.23E-07
6.6730085	4.13E-07
6.6744741	4.04E-07
6.6759397	3.95E-07
6.6774053	3.87E-07
6.6788709	3.78E-07
6.6803365	3.70E-07
6.6818021	3.63E-07
6.6832677	3.55E-07
6.6847333	3.48E-07
6.6861989	3.41E-07
6.6876645	3.34E-07
6.6891301	3.28E-07
6.6905957	3.21E-07
6.6920613	3.15E-07
6.6935269	3.09E-07
6.6949925	3.03E-07
6.6964581	2.98E-07
6.6979237	2.92E-07
6.6993893	2.87E-07
6.7008549	2.82E-07
6.7023205	2.77E-07
6.7037861	2.72E-07
6.7052517	2.67E-07
6.7067173	2.62E-07
6.7081829	2.58E-07
6.7096485	2.53E-07
6.7111141	2.49E-07
6.7125797	2.45E-07
6.7140453	2.41E-07
6.7155109	2.37E-07
6.7169765	2.33E-07
6.7184421	2.30E-07
6.7199077	2.26E-07
6.7213733	2.22E-07
6.7228389	2.19E-07
6.7243045	2.16E-07
6.7257701	2.12E-07
6.7272357	2.09E-07
6.7287013	2.06E-07
6.7301669	2.03E-07
6.7316325	2.00E-07
6.7330981	1.97E-07
6.7345637	1.94E-07
6.7360293	1.91E-07
6.7374949	1.89E-07
6.7389605	1.86E-07
6.7404261	1.84E-07
6.7418917	1.81E-07
6.7433573	1.79E-07
6.7448229	1.76E-07
6.7462885	1.74E-07
6.7477541	1.71E-07
6.7492197	1.69E-07
6.7506853	1.67E-07
6.7521509	1.65E-07
6.7536165	1.63E-07
6.7550821	1.61E-07
6.7565477	1.59E-07
6.7580133	1.57E-07
6.7594789	1.55E-07
6.7609445	1.53E-07
6.7624101	1.51E-07
6.7638757	1.49E-07
6.7653413	1.47E-07
6.7668069	1.45E-07
6.7682725	1.44E-07
6.7697381	1.42E-07
6.7712037	1.40E-07
6.7726693	1.39E-07
6.7741349	1.37E-07
6.7756005	1.35E-07
6.7770661	1.34E-07
6.7785317	1.32E-07
6.7799973	1.31E-07
6.7814629	1.29E-07
6.7829285	1.28E-07
6.7843941	1.27E-07
6.7858597	1.25E-07
6.7873253	1.24E-07
6.7887909	1.23E-07
6.7902565	1.21E-07
6.7917221	1.20E-07
6.7931877	1.19E-07
6.7946533	1.17E-07
6.7961189	1.16E-07
6.7975845	1.15E-07
6.7990501	1.14E-07
6.8005157	1.13E-07
6.8019813	1.12E-07
6.8034469	1.10E-07
6.8049125	1.09E-07
6.8063781	1.08E-07
6.8078437	1.07E-07
6.8093093	1.06E-07
6.8107749	1.05E-07
6.8122405	1.04E-07
6.8137061	1.03E-07
6.8151717	1.02E-07
6.8166373	1.01E-07
6.8181029	1.00E-07
6.8195685	9.92E-08
6.8210341	9.83E-08
6.8224997	9.74E-08
6.8239653	9.65E-08
6.8254309	9.56E-08
6.8268965	9.47E-08
6.8283621	9.39E-08
6.8298277	9.30E-08
6.8312933	9.22E-08
6.8327589	9.14E-08
6.8342245	9.06E-08
6.8356901	8.98E-08
6.8371557	8.90E-08
6.8386213	8.82E-08
6.8400869	8.74E-08
6.8415525	8.67E-08
6.8430181	8.59E-08
6.8444837	8.52E-08
6.8459493	8.45E-08
6.8474149	8.38E-08
6.8488805	8.31E-08
6.8503461	8.24E-08
6.8518117	8.17E-08
6.8532773	8.10E-08
6.8547429	8.04E-08
6.8562085	7.97E-08
6.8576741	7.91E-08
6.8591397	7.84E-08
6.8606053	7.78E-08
6.8620709	7.72E-08
6.8635365	7.66E-08
6.8650021	7.60E-08
6.8664677	7.54E-08
6.8679333	7.48E-08
6.8693989	7.42E-08
6.8708645	7.36E-08
6.8723301	7.31E-08
6.8737957	7.25E-08
6.8752613	7.20E-08
6.8767269	7.14E-08
6.8781925	7.09E-08
6.8796581	7.03E-08
6.8811237	6.98E-08
6.8825893	6.93E-08
6.8840549	6.88E-08
6.8855205	6.83E-08
6.8869861	6.78E-08
6.8884517	6.73E-08
6.8899173	6.68E-08
6.8913829	6.63E-08
6.8928485	6.58E-08
6.8943141	6.54E-08
6.8957797	6.49E-08
6.8972453	6.45E-08
6.8987109	6.40E-08
6.9001765	6.35E-08
6.9016421	6.31E-08
6.9031077	6.27E-08
6.9045733	6.22E-08
6.9060389	6.18E-08
6.9075045	6.14E-08
6.9089701	6.10E-08
6.9104357	6.05E-08
6.9119013	6.01E-08
6.9133669	5.97E-08
6.9148325	5.93E-08
6.9162981	5.89E-08
6.9177637	5.85E-08
6.9192293	5.82E-08
6.9206949	5.78E-08
6.9221605	5.74E-08
6.9236261	5.70E-08
6.9250917	5.67E-08
6.9265573	5.63E-08
6.9280229	5.59E-08
6.9294885	5.56E-08
6.9309541	5.52E-08
6.9324197	5.49E-08
6.9338853	5.45E-08
6.9353509	5.42E-08
6.9368165	5.38E-08
6.9382821	5.35E-08
6.9397477	5.32E-08
6.9412133	5.28E-08
6.9426789	5.25E-08
6.9441445	5.22E-08
6.9456101	5.19E-08
6.9470757	5.15E-08
6.9485413	5.12E-08
6.9500069	5.09E-08
6.9514725	5.06E-08
6.9529381	5.03E-08
6.9544037	5.00E-08
6.9558693	4.97E-08
6.9573349	4.94E-08
6.9588005	4.91E-08
6.9602661	4.88E-08
6.9617317	4.85E-08
6.9631973	4.83E-08
6.9646629	4.80E-08
6.9661285	4.77E-08
6.9675941	4.74E-08
6.9690597	4.71E-08
6.9705253	4.69E-08
6.9719909	4.66E-08
6.9734565	4.63E-08
6.9749221	4.61E-08
6.9763877	4.58E-08
6.9778533	4.56E-08
6.9793189	4.53E-08
6.9807845	4.51E-08
6.9822501	4.48E-08
6.9837157	4.46E-08
6.9851813	4.43E-08
6.9866469	4.41E-08
6.9881125	4.38E-08
6.9895781	4.36E-08
6.9910437	4.33E-08
6.9925093	4.31E-08
6.9939749	4.29E-08
6.9954405	4.26E-08
6.9969061	4.24E-08
6.9983717	4.22E-08
6.9998373	4.20E-08
7.0013029	4.17E-08
7.0027685	4.15E-08
7.0042341	4.13E-08
7.0056997	4.11E-08
7.0071653	4.09E-08
7.0086309	4.07E-08
7.0100965	4.04E-08
7.0115621	4.02E-08
7.0130277	4.00E-08
7.0144933	3.98E-08
7.0159589	3.96E-08
7.0174245	3.94E-08
7.0188901	3.92E-08
7.0203557	3.90E-08
7.0218213	3.88E-08
7.0232869	3.86E-08
7.0247525	3.84E-08
7.0262181	3.82E-08
7.0276837	3.80E-08
7.0291493	3.78E-08
7.0306149	3.77E-08
7.0320805	3.75E-08
7.0335461	3.73E-08
7.0350117	3.71E-08
7.0364773	3.69E-08
7.0379429	3.67E-08
7.0394085	3.66E-08
7.0408741	3.64E-08
7.0423397	3.62E-08
7.0438053	3.60E-08
7.0452709	3.59E-08
7.0467365	3.57E-08
7.0482021	3.55E-08
7.0496677	3.54E-08
7.0511333	3.52E-08
7.0525989	3.50E-08
7.0540645	3.49E-08
7.0555301	3.47E-08
7.0569957	3.45E-08
7.0584613	3.44E-08
7.0599269	3.42E-08
7.0613925	3.40E-08
7.0628581	3.39E-08
7.0643237	3.37E-08
7.0657893	3.36E-08
7.0672549	3.34E-08
7.0687205	3.33E-08
7.0701861	3.31E-08
7.0716517	3.30E-08
7.0731173	3.28E-08
7.0745829	3.27E-08
7.0760485	3.25E-08
7.0775141	3.24E-08
7.0789797	3.22E-08
7.0804453	3.21E-08
7.0819109	3.19E-08
7.0833765	3.18E-08
7.0848421	3.17E-08
7.0863077	3.15E-08
7.0877733	3.14E-08
7.0892389	3.12E-08
7.0907045	3.11E-08
