mu	nit
5.6465701	-4.24E-22
5.6480357	-2.12E-22
5.6495013	-6.35E-22
5.6509669	1.69E-21
5.6524325	-1.91E-21
5.6538981	-2.12E-22
5.6553637	-2.12E-22
5.6568293	5.29E-22
5.6582949	-1.06E-22
5.6597605	-8.47E-22
5.6612261	-1.38E-21
5.6626917	1.06E-22
5.6641573	-1.69E-21
5.6656229	-3.18E-22
5.6670885	2.12E-22
5.6685541	-1.27E-21
5.6700197	-4.24E-22
5.6714853	4.24E-22
5.6729509	-2.12E-22
5.6744165	1.27E-21
5.6758821	-2.12E-22
5.6773477	2.12E-22
5.6788133	6.35E-22
5.6802789	1.06E-21
5.6817445	6.35E-22
5.6832101	2.12E-22
5.6846757	-1.27E-21
5.6861413	-8.47E-22
5.6876069	1.06E-21
5.6890725	0.00E+00
5.6905381	-2.12E-22
5.6920037	-2.12E-22
5.6934693	0.00E+00
5.6949349	-2.12E-22
5.6964005	-6.35E-22
5.6978661	-6.35E-22
5.6993317	-6.35E-22
5.7007973	4.24E-22
5.7022629	4.24E-22
5.7037285	6.35E-22
5.7051941	4.24E-22
5.7066597	8.47E-22
5.7081253	2.12E-22
5.7095909	-1.27E-21
5.7110565	-2.12E-22
5.7125221	-8.47E-22
5.7139877	0.00E+00
5.7154533	4.24E-22
5.7169189	-1.27E-21
5.7183845	-1.06E-21
5.7198501	0.00E+00
5.7213157	8.47E-22
5.7227813	2.12E-22
5.7242469	0
5.7257125	2.75E-21
5.7271781	-4.24E-22
5.7286437	8.47E-22
5.7301093	1.06E-21
5.7315749	1.06E-21
5.7330405	1.06E-21
5.7345061	1.06E-21
5.7359717	2.12E-21
5.7374373	1.06E-21
5.7389029	2.75E-21
5.7403685	8.47E-22
5.7418341	6.35E-22
5.7432997	1.69E-21
5.7447653	1.27E-21
5.7462309	1.91E-21
5.7476965	1.91E-21
5.7491621	2.96E-21
5.7506277	2.96E-21
5.7520933	2.96E-21
5.7535589	5.08E-21
5.7550245	3.60E-21
5.7564901	3.60E-21
5.7579557	3.81E-21
5.7594213	3.18E-21
5.7608869	3.18E-21
5.7623525	5.72E-21
5.7638181	6.99E-21
5.7652837	7.20E-21
5.7667493	6.14E-21
5.7682149	8.26E-21
5.7696805	5.29E-21
5.7711461	7.20E-21
5.7726117	8.05E-21
5.7740773	8.26E-21
5.7755429	8.47E-21
5.7770085	9.95E-21
5.7784741	9.53E-21
5.7799397	1.14E-20
5.7814053	1.08E-20
5.7828709	1.23E-20
5.7843365	1.46E-20
5.7858021	1.55E-20
5.7872677	1.55E-20
5.7887333	1.61E-20
5.7901989	1.80E-20
5.7916645	1.84E-20
5.7931301	2.01E-20
5.7945957	2.24E-20
5.7960613	2.37E-20
5.7975269	2.56E-20
5.7989925	2.54E-20
5.8004581	2.86E-20
5.8019237	3.07E-20
5.8033893	3.03E-20
5.8048549	3.43E-20
5.8063205	3.60E-20
5.8077861	3.81E-20
5.8092517	4.02E-20
5.8107173	4.13E-20
5.8121829	4.66E-20
5.8136485	4.74E-20
5.8151141	5.00E-20
5.8165797	5.32E-20
5.8180453	5.76E-20
5.8195109	6.16E-20
5.8209765	6.61E-20
5.8224421	7.03E-20
5.8239077	7.50E-20
5.8253733	7.84E-20
5.8268389	8.24E-20
5.8283045	8.85E-20
5.8297701	9.53E-20
5.8312357	9.93E-20
5.8327013	1.07E-19
5.8341669	1.15E-19
5.8356325	1.22E-19
5.8370981	1.29E-19
5.8385637	1.38E-19
5.8400293	1.48E-19
5.8414949	1.58E-19
5.8429605	1.69E-19
5.8444261	1.77E-19
5.8458917	1.89E-19
5.8473573	1.98E-19
5.8488229	2.13E-19
5.8502885	2.28E-19
5.8517541	2.41E-19
5.8532197	2.58E-19
5.8546853	2.75E-19
5.8561509	2.92E-19
5.8576165	3.11E-19
5.8590821	3.30E-19
5.8605477	3.52E-19
5.8620133	3.77E-19
5.8634789	3.99E-19
5.8649445	4.27E-19
5.8664101	4.53E-19
5.8678757	4.82E-19
5.8693413	5.14E-19
5.8708069	5.47E-19
5.8722725	5.81E-19
5.8737381	6.21E-19
5.8752037	6.60E-19
5.8766693	7.05E-19
5.8781349	7.50E-19
5.8796005	7.97E-19
5.8810661	8.50E-19
5.8825317	9.05E-19
5.8839973	9.67E-19
5.8854629	1.03E-18
5.8869285	1.10E-18
5.8883941	1.17E-18
5.8898597	1.24E-18
5.8913253	1.32E-18
5.8927909	1.41E-18
5.8942565	1.51E-18
5.8957221	1.60E-18
5.8971877	1.71E-18
5.8986533	1.82E-18
5.9001189	1.94E-18
5.9015845	2.07E-18
5.9030501	2.21E-18
5.9045157	2.35E-18
5.9059813	2.51E-18
5.9074469	2.67E-18
5.9089125	2.85E-18
5.9103781	3.03E-18
5.9118437	3.24E-18
5.9133093	3.45E-18
5.9147749	3.68E-18
5.9162405	3.93E-18
5.9177061	4.19E-18
5.9191717	4.46E-18
5.9206373	4.76E-18
5.9221029	5.08E-18
5.9235685	5.42E-18
5.9250341	5.78E-18
5.9264997	6.17E-18
5.9279653	6.58E-18
5.9294309	7.02E-18
5.9308965	7.49E-18
5.9323621	7.99E-18
5.9338277	8.53E-18
5.9352933	9.10E-18
5.9367589	9.72E-18
5.9382245	1.04E-17
5.9396901	1.11E-17
5.9411557	1.18E-17
5.9426213	1.26E-17
5.9440869	1.35E-17
5.9455525	1.44E-17
5.9470181	1.54E-17
5.9484837	1.64E-17
5.9499493	1.75E-17
5.9514149	1.87E-17
5.9528805	2.00E-17
5.9543461	2.13E-17
5.9558117	2.28E-17
5.9572773	2.44E-17
5.9587429	2.60E-17
5.9602085	2.78E-17
5.9616741	2.97E-17
5.9631397	3.18E-17
5.9646053	3.40E-17
5.9660709	3.63E-17
5.9675365	3.88E-17
5.9690021	4.15E-17
5.9704677	4.44E-17
5.9719333	4.74E-17
5.9733989	5.07E-17
5.9748645	5.43E-17
5.9763301	5.80E-17
5.9777957	6.21E-17
5.9792613	6.64E-17
5.9807269	7.11E-17
5.9821925	7.61E-17
5.9836581	8.14E-17
5.9851237	8.71E-17
5.9865893	9.32E-17
5.9880549	9.98E-17
5.9895205	1.07E-16
5.9909861	1.14E-16
5.9924517	1.23E-16
5.9939173	1.31E-16
5.9953829	1.41E-16
5.9968485	1.51E-16
5.9983141	1.61E-16
5.9997797	1.73E-16
6.0012453	1.85E-16
6.0027109	1.99E-16
6.0041765	2.13E-16
6.0056421	2.28E-16
6.0071077	2.45E-16
6.0085733	2.63E-16
6.0100389	2.82E-16
6.0115045	3.02E-16
6.0129701	3.24E-16
6.0144357	3.48E-16
6.0159013	3.73E-16
6.0173669	4.01E-16
6.0188325	4.30E-16
6.0202981	4.62E-16
6.0217637	4.96E-16
6.0232293	5.33E-16
6.0246949	5.72E-16
6.0261605	6.15E-16
6.0276261	6.61E-16
6.0290917	7.10E-16
6.0305573	7.63E-16
6.0320229	8.21E-16
6.0334885	8.83E-16
6.0349541	9.50E-16
6.0364197	1.02E-15
6.0378853	1.10E-15
6.0393509	1.18E-15
6.0408165	1.27E-15
6.0422821	1.37E-15
6.0437477	1.48E-15
6.0452133	1.59E-15
6.0466789	1.71E-15
6.0481445	1.85E-15
6.0496101	1.99E-15
6.0510757	2.15E-15
6.0525413	2.32E-15
6.0540069	2.50E-15
6.0554725	2.70E-15
6.0569381	2.91E-15
6.0584037	3.14E-15
6.0598693	3.39E-15
6.0613349	3.66E-15
6.0628005	3.96E-15
6.0642661	4.28E-15
6.0657317	4.63E-15
6.0671973	5.00E-15
6.0686629	5.41E-15
6.0701285	5.86E-15
6.0715941	6.34E-15
6.0730597	6.86E-15
6.0745253	7.43E-15
6.0759909	8.05E-15
6.0774565	8.73E-15
6.0789221	9.46E-15
6.0803877	1.03E-14
6.0818533	1.11E-14
6.0833189	1.21E-14
6.0847845	1.31E-14
6.0862501	1.43E-14
6.0877157	1.55E-14
6.0891813	1.68E-14
6.0906469	1.83E-14
6.0921125	1.99E-14
6.0935781	2.17E-14
6.0950437	2.36E-14
6.0965093	2.57E-14
6.0979749	2.80E-14
6.0994405	3.05E-14
6.1009061	3.33E-14
6.1023717	3.63E-14
6.1038373	3.96E-14
6.1053029	4.33E-14
6.1067685	4.73E-14
6.1082341	5.16E-14
6.1096997	5.65E-14
6.1111653	6.18E-14
6.1126309	6.76E-14
6.1140965	7.40E-14
6.1155621	8.11E-14
6.1170277	8.89E-14
6.1184933	9.74E-14
6.1199589	1.07E-13
6.1214245	1.17E-13
6.1228901	1.29E-13
6.1243557	1.42E-13
6.1258213	1.56E-13
6.1272869	1.71E-13
6.1287525	1.88E-13
6.1302181	2.07E-13
6.1316837	2.28E-13
6.1331493	2.51E-13
6.1346149	2.77E-13
6.1360805	3.06E-13
6.1375461	3.37E-13
6.1390117	3.72E-13
6.1404773	4.11E-13
6.1419429	4.54E-13
6.1434085	5.02E-13
6.1448741	5.55E-13
6.1463397	6.14E-13
6.1478053	6.79E-13
6.1492709	7.52E-13
6.1507365	8.33E-13
6.1522021	9.23E-13
6.1536677	1.02E-12
6.1551333	1.13E-12
6.1565989	1.26E-12
6.1580645	1.40E-12
6.1595301	1.55E-12
6.1609957	1.72E-12
6.1624613	1.91E-12
6.1639269	2.13E-12
6.1653925	2.36E-12
6.1668581	2.63E-12
6.1683237	2.93E-12
6.1697893	3.26E-12
6.1712549	3.62E-12
6.1727205	4.03E-12
6.1741861	4.49E-12
6.1756517	5.01E-12
6.1771173	5.58E-12
6.1785829	6.22E-12
6.1800485	6.93E-12
6.1815141	7.73E-12
6.1829797	8.62E-12
6.1844453	9.61E-12
6.1859109	1.07E-11
6.1873765	1.20E-11
6.1888421	1.34E-11
6.1903077	1.49E-11
6.1917733	1.66E-11
6.1932389	1.86E-11
6.1947045	2.08E-11
6.1961701	2.32E-11
6.1976357	2.59E-11
6.1991013	2.89E-11
6.2005669	3.23E-11
6.2020325	3.61E-11
6.2034981	4.04E-11
6.2049637	4.52E-11
6.2064293	5.05E-11
6.2078949	5.64E-11
6.2093605	6.31E-11
6.2108261	7.06E-11
6.2122917	7.89E-11
6.2137573	8.83E-11
6.2152229	9.87E-11
6.2166885	1.10E-10
6.2181541	1.24E-10
6.2196197	1.38E-10
6.2210853	1.55E-10
6.2225509	1.73E-10
6.2240165	1.94E-10
6.2254821	2.17E-10
6.2269477	2.42E-10
6.2284133	2.71E-10
6.2298789	3.04E-10
6.2313445	3.40E-10
6.2328101	3.80E-10
6.2342757	4.26E-10
6.2357413	4.77E-10
6.2372069	5.33E-10
6.2386725	5.97E-10
6.2401381	6.68E-10
6.2416037	7.48E-10
6.2430693	8.38E-10
6.2445349	9.38E-10
6.2460005	1.05E-09
6.2474661	1.18E-09
6.2489317	1.32E-09
6.2503973	1.47E-09
6.2518629	1.65E-09
6.2533285	1.85E-09
6.2547941	2.07E-09
6.2562597	2.32E-09
6.2577253	2.59E-09
6.2591909	2.90E-09
6.2606565	3.25E-09
6.2621221	3.64E-09
6.2635877	4.08E-09
6.2650533	4.57E-09
6.2665189	5.11E-09
6.2679845	5.73E-09
6.2694501	6.41E-09
6.2709157	7.18E-09
6.2723813	8.04E-09
6.2738469	9.01E-09
6.2753125	1.01E-08
6.2767781	1.13E-08
6.2782437	1.26E-08
6.2797093	1.42E-08
6.2811749	1.59E-08
6.2826405	1.78E-08
6.2841061	1.99E-08
6.2855717	2.23E-08
6.2870373	2.50E-08
6.2885029	2.79E-08
6.2899685	3.13E-08
6.2914341	3.50E-08
6.2928997	3.92E-08
6.2943653	4.39E-08
6.2958309	4.92E-08
6.2972965	5.51E-08
6.2987621	6.17E-08
6.3002277	6.91E-08
6.3016933	7.73E-08
6.3031589	8.66E-08
6.3046245	9.69E-08
6.3060901	1.09E-07
6.3075557	1.22E-07
6.3090213	1.36E-07
6.3104869	1.52E-07
6.3119525	1.70E-07
6.3134181	1.91E-07
6.3148837	2.13E-07
6.3163493	2.39E-07
6.3178149	2.67E-07
6.3192805	2.99E-07
6.3207461	3.34E-07
6.3222117	3.74E-07
6.3236773	4.18E-07
6.3251429	4.68E-07
6.3266085	5.23E-07
6.3280741	5.84E-07
6.3295397	6.52E-07
6.3310053	7.29E-07
6.3324709	8.14E-07
6.3339365	9.08E-07
6.3354021	1.01E-06
6.3368677	1.13E-06
6.3383333	1.26E-06
6.3397989	1.40E-06
6.3412645	1.56E-06
6.3427301	1.74E-06
6.3441957	1.93E-06
6.3456613	2.14E-06
6.3471269	2.38E-06
6.3485925	2.63E-06
6.3500581	2.91E-06
6.3515237	3.22E-06
6.3529893	3.55E-06
6.3544549	3.92E-06
6.3559205	4.31E-06
6.3573861	4.73E-06
6.3588517	5.18E-06
6.3603173	5.66E-06
6.3617829	6.17E-06
6.3632485	6.71E-06
6.3647141	7.27E-06
6.3661797	7.86E-06
6.3676453	8.46E-06
6.3691109	9.08E-06
6.3705765	9.70E-06
6.3720421	1.03E-05
6.3735077	1.09E-05
6.3749733	1.15E-05
6.3764389	1.21E-05
6.3779045	1.26E-05
6.3793701	1.31E-05
6.3808357	1.35E-05
6.3823013	1.39E-05
6.3837669	1.42E-05
6.3852325	1.44E-05
6.3866981	1.45E-05
6.3881637	1.45E-05
6.3896293	1.45E-05
6.3910949	1.44E-05
6.3925605	1.41E-05
6.3940261	1.38E-05
6.3954917	1.35E-05
6.3969573	1.30E-05
6.3984229	1.25E-05
6.3998885	1.20E-05
6.4013541	1.14E-05
6.4028197	1.08E-05
6.4042853	1.02E-05
6.4057509	9.60E-06
6.4072165	8.98E-06
6.4086821	8.37E-06
6.4101477	7.77E-06
6.4116133	7.19E-06
6.4130789	6.63E-06
6.4145445	6.09E-06
6.4160101	5.59E-06
6.4174757	5.11E-06
6.4189413	4.66E-06
6.4204069	4.25E-06
6.4218725	3.86E-06
6.4233381	3.50E-06
6.4248037	3.17E-06
6.4262693	2.87E-06
6.4277349	2.59E-06
6.4292005	2.34E-06
6.4306661	2.11E-06
6.4321317	1.90E-06
6.4335973	1.71E-06
6.4350629	1.54E-06
6.4365285	1.38E-06
6.4379941	1.24E-06
6.4394597	1.11E-06
6.4409253	9.96E-07
6.4423909	8.93E-07
6.4438565	8.00E-07
6.4453221	7.17E-07
6.4467877	6.42E-07
6.4482533	5.74E-07
6.4497189	5.14E-07
6.4511845	4.60E-07
6.4526501	4.11E-07
6.4541157	3.68E-07
6.4555813	3.29E-07
6.4570469	2.94E-07
6.4585125	2.63E-07
6.4599781	2.35E-07
6.4614437	2.10E-07
6.4629093	1.88E-07
6.4643749	1.68E-07
6.4658405	1.50E-07
6.4673061	1.34E-07
6.4687717	1.20E-07
6.4702373	1.07E-07
6.4717029	9.54E-08
6.4731685	8.52E-08
6.4746341	7.61E-08
6.4760997	6.80E-08
6.4775653	6.07E-08
6.4790309	5.42E-08
6.4804965	4.84E-08
6.4819621	4.32E-08
6.4834277	3.86E-08
6.4848933	3.45E-08
6.4863589	3.08E-08
6.4878245	2.75E-08
6.4892901	2.46E-08
6.4907557	2.19E-08
6.4922213	1.96E-08
6.4936869	1.75E-08
6.4951525	1.56E-08
6.4966181	1.40E-08
6.4980837	1.25E-08
6.4995493	1.11E-08
6.5010149	9.94E-09
6.5024805	8.88E-09
6.5039461	7.93E-09
6.5054117	7.08E-09
6.5068773	6.33E-09
6.5083429	5.65E-09
6.5098085	5.05E-09
6.5112741	4.51E-09
6.5127397	4.03E-09
6.5142053	3.60E-09
6.5156709	3.21E-09
6.5171365	2.87E-09
6.5186021	2.56E-09
6.5200677	2.29E-09
6.5215333	2.05E-09
6.5229989	1.83E-09
6.5244645	1.63E-09
6.5259301	1.46E-09
6.5273957	1.30E-09
6.5288613	1.17E-09
6.5303269	1.04E-09
6.5317925	9.30E-10
6.5332581	8.32E-10
6.5347237	7.43E-10
6.5361893	6.64E-10
6.5376549	5.94E-10
6.5391205	5.31E-10
6.5405861	4.74E-10
6.5420517	4.24E-10
6.5435173	3.79E-10
6.5449829	3.39E-10
6.5464485	3.03E-10
6.5479141	2.71E-10
6.5493797	2.43E-10
6.5508453	2.17E-10
6.5523109	1.94E-10
6.5537765	1.74E-10
6.5552421	1.55E-10
6.5567077	1.39E-10
6.5581733	1.24E-10
6.5596389	1.11E-10
6.5611045	9.98E-11
6.5625701	8.93E-11
6.5640357	8.00E-11
6.5655013	7.16E-11
6.5669669	6.42E-11
6.5684325	5.75E-11
6.5698981	5.15E-11
6.5713637	4.62E-11
6.5728293	4.14E-11
6.5742949	3.71E-11
6.5757605	3.33E-11
6.5772261	2.99E-11
6.5786917	2.68E-11
6.5801573	2.41E-11
6.5816229	2.16E-11
6.5830885	1.94E-11
6.5845541	1.74E-11
6.5860197	1.56E-11
6.5874853	1.41E-11
6.5889509	1.26E-11
6.5904165	1.14E-11
6.5918821	1.02E-11
6.5933477	9.20E-12
6.5948133	8.28E-12
6.5962789	7.46E-12
6.5977445	6.72E-12
6.5992101	6.05E-12
6.6006757	5.45E-12
6.6021413	4.92E-12
6.6036069	4.44E-12
6.6050725	4.00E-12
6.6065381	3.61E-12
6.6080037	3.26E-12
6.6094693	2.95E-12
6.6109349	2.67E-12
6.6124005	2.41E-12
6.6138661	2.18E-12
6.6153317	1.97E-12
6.6167973	1.79E-12
6.6182629	1.62E-12
6.6197285	1.47E-12
6.6211941	1.33E-12
6.6226597	1.21E-12
6.6241253	1.10E-12
6.6255909	9.96E-13
6.6270565	9.05E-13
6.6285221	8.22E-13
6.6299877	7.48E-13
6.6314533	6.80E-13
6.6329189	6.19E-13
6.6343845	5.64E-13
6.6358501	5.14E-13
6.6373157	4.68E-13
6.6387813	4.27E-13
6.6402469	3.90E-13
6.6417125	3.56E-13
6.6431781	3.25E-13
6.6446437	2.97E-13
6.6461093	2.71E-13
6.6475749	2.48E-13
6.6490405	2.27E-13
6.6505061	2.08E-13
6.6519717	1.90E-13
6.6534373	1.74E-13
6.6549029	1.60E-13
6.6563685	1.47E-13
6.6578341	1.35E-13
6.6592997	1.23E-13
6.6607653	1.13E-13
6.6622309	1.04E-13
6.6636965	9.57E-14
6.6651621	8.80E-14
6.6666277	8.09E-14
6.6680933	7.44E-14
6.6695589	6.85E-14
6.6710245	6.31E-14
6.6724901	5.81E-14
6.6739557	5.35E-14
6.6754213	4.93E-14
6.6768869	4.55E-14
6.6783525	4.19E-14
6.6798181	3.87E-14
6.6812837	3.57E-14
6.6827493	3.30E-14
6.6842149	3.05E-14
6.6856805	2.81E-14
6.6871461	2.60E-14
6.6886117	2.40E-14
6.6900773	2.22E-14
6.6915429	2.06E-14
6.6930085	1.90E-14
6.6944741	1.76E-14
6.6959397	1.63E-14
6.6974053	1.51E-14
6.6988709	1.40E-14
6.7003365	1.30E-14
6.7018021	1.20E-14
6.7032677	1.11E-14
6.7047333	1.03E-14
6.7061989	9.57E-15
6.7076645	8.88E-15
6.7091301	8.24E-15
6.7105957	7.65E-15
6.7120613	7.10E-15
6.7135269	6.59E-15
6.7149925	6.12E-15
6.7164581	5.69E-15
6.7179237	5.28E-15
6.7193893	4.91E-15
6.7208549	4.56E-15
6.7223205	4.24E-15
6.7237861	3.95E-15
6.7252517	3.67E-15
6.7267173	3.41E-15
6.7281829	3.18E-15
6.7296485	2.95E-15
6.7311141	2.75E-15
6.7325797	2.56E-15
6.7340453	2.38E-15
6.7355109	2.22E-15
6.7369765	2.07E-15
6.7384421	1.93E-15
6.7399077	1.79E-15
6.7413733	1.67E-15
6.7428389	1.56E-15
6.7443045	1.45E-15
6.7457701	1.35E-15
6.7472357	1.26E-15
6.7487013	1.18E-15
6.7501669	1.10E-15
6.7516325	1.02E-15
6.7530981	9.55E-16
6.7545637	8.91E-16
6.7560293	8.31E-16
6.7574949	7.76E-16
6.7589605	7.24E-16
6.7604261	6.76E-16
6.7618917	6.31E-16
6.7633573	5.89E-16
6.7648229	5.50E-16
6.7662885	5.14E-16
6.7677541	4.80E-16
6.7692197	4.48E-16
6.7706853	4.19E-16
6.7721509	3.91E-16
6.7736165	3.66E-16
6.7750821	3.42E-16
6.7765477	3.19E-16
6.7780133	2.98E-16
6.7794789	2.79E-16
6.7809445	2.61E-16
6.7824101	2.44E-16
6.7838757	2.28E-16
6.7853413	2.13E-16
6.7868069	1.99E-16
6.7882725	1.87E-16
6.7897381	1.74E-16
6.7912037	1.63E-16
6.7926693	1.53E-16
6.7941349	1.43E-16
6.7956005	1.34E-16
6.7970661	1.25E-16
6.7985317	1.17E-16
6.7999973	1.10E-16
6.8014629	1.03E-16
6.8029285	9.61E-17
6.8043941	8.99E-17
6.8058597	8.42E-17
6.8073253	7.88E-17
6.8087909	7.38E-17
6.8102565	6.91E-17
6.8117221	6.48E-17
6.8131877	6.06E-17
6.8146533	5.68E-17
6.8161189	5.32E-17
6.8175845	4.99E-17
6.8190501	4.67E-17
6.8205157	4.38E-17
6.8219813	4.10E-17
6.8234469	3.84E-17
6.8249125	3.60E-17
6.8263781	3.37E-17
6.8278437	3.16E-17
6.8293093	2.96E-17
6.8307749	2.78E-17
6.8322405	2.60E-17
6.8337061	2.44E-17
6.8351717	2.29E-17
6.8366373	2.15E-17
6.8381029	2.01E-17
6.8395685	1.89E-17
6.8410341	1.77E-17
6.8424997	1.66E-17
6.8439653	1.56E-17
6.8454309	1.46E-17
6.8468965	1.37E-17
6.8483621	1.28E-17
6.8498277	1.20E-17
6.8512933	1.13E-17
6.8527589	1.06E-17
6.8542245	9.95E-18
6.8556901	9.33E-18
6.8571557	8.76E-18
6.8586213	8.22E-18
6.8600869	7.71E-18
6.8615525	7.24E-18
6.8630181	6.79E-18
6.8644837	6.37E-18
6.8659493	5.98E-18
6.8674149	5.61E-18
6.8688805	5.27E-18
6.8703461	4.95E-18
6.8718117	4.64E-18
6.8732773	4.36E-18
6.8747429	4.09E-18
6.8762085	3.84E-18
6.8776741	3.61E-18
6.8791397	3.39E-18
6.8806053	3.18E-18
6.8820709	2.98E-18
6.8835365	2.80E-18
6.8850021	2.63E-18
6.8864677	2.47E-18
6.8879333	2.32E-18
6.8893989	2.18E-18
6.8908645	2.05E-18
6.8923301	1.92E-18
6.8937957	1.81E-18
6.8952613	1.70E-18
6.8967269	1.59E-18
6.8981925	1.50E-18
6.8996581	1.41E-18
6.9011237	1.32E-18
6.9025893	1.24E-18
6.9040549	1.17E-18
6.9055205	1.10E-18
6.9069861	1.03E-18
6.9084517	9.67E-19
6.9099173	9.09E-19
6.9113829	8.54E-19
6.9128485	8.02E-19
6.9143141	7.54E-19
6.9157797	7.09E-19
6.9172453	6.66E-19
6.9187109	6.26E-19
6.9201765	5.88E-19
6.9216421	5.53E-19
6.9231077	5.19E-19
6.9245733	4.88E-19
6.9260389	4.59E-19
6.9275045	4.31E-19
6.9289701	4.06E-19
6.9304357	3.81E-19
6.9319013	3.58E-19
6.9333669	3.37E-19
6.9348325	3.17E-19
6.9362981	2.98E-19
6.9377637	2.80E-19
6.9392293	2.63E-19
6.9406949	2.47E-19
6.9421605	2.33E-19
6.9436261	2.19E-19
6.9450917	2.06E-19
6.9465573	1.94E-19
6.9480229	1.82E-19
6.9494885	1.71E-19
6.9509541	1.61E-19
6.9524197	1.51E-19
6.9538853	1.42E-19
6.9553509	1.34E-19
6.9568165	1.26E-19
6.9582821	1.18E-19
6.9597477	1.11E-19
6.9612133	1.05E-19
6.9626789	9.84E-20
6.9641445	9.24E-20
6.9656101	8.71E-20
6.9670757	8.20E-20
6.9685413	7.70E-20
6.9700069	7.22E-20
6.9714725	6.80E-20
6.9729381	6.41E-20
6.9744037	6.03E-20
6.9758693	5.69E-20
6.9773349	5.35E-20
6.9788005	5.02E-20
6.9802661	4.72E-20
6.9817317	4.45E-20
6.9831973	4.18E-20
6.9846629	3.92E-20
6.9861285	3.70E-20
6.9875941	3.48E-20
6.9890597	3.30E-20
6.9905253	3.09E-20
6.9919909	2.90E-20
6.9934565	2.73E-20
6.9949221	2.56E-20
6.9963877	2.40E-20
6.9978533	2.27E-20
6.9993189	2.15E-20
7.0007845	2.02E-20
7.0022501	1.89E-20
7.0037157	1.78E-20
7.0051813	1.68E-20
7.0066469	1.58E-20
7.0081125	1.49E-20
7.0095781	1.41E-20
7.0110437	1.32E-20
7.0125093	1.23E-20
7.0139749	1.16E-20
7.0154405	1.10E-20
7.0169061	1.03E-20
7.0183717	9.74E-21
7.0198373	9.17E-21
7.0213029	8.80E-21
7.0227685	8.21E-21
7.0242341	7.65E-21
7.0256997	7.15E-21
7.0271653	6.74E-21
7.0286309	6.37E-21
7.0300965	5.88E-21
7.0315621	5.47E-21
7.0330277	5.29E-21
7.0344933	5.11E-21
7.0359589	4.79E-21
7.0374245	4.39E-21
7.0388901	4.16E-21
7.0403557	3.93E-21
7.0418213	3.76E-21
7.0432869	3.57E-21
7.0447525	3.19E-21
7.0462181	3.19E-21
7.0476837	2.74E-21
7.0491493	2.71E-21
7.0506149	2.71E-21
7.0520805	2.41E-21
7.0535461	2.33E-21
7.0550117	2.26E-21
7.0564773	1.92E-21
7.0579429	1.87E-21
7.0594085	1.79E-21
7.0608741	1.76E-21
7.0623397	1.56E-21
7.0638053	1.61E-21
7.0652709	1.47E-21
7.0667365	1.26E-21
7.0682021	1.22E-21
7.0696677	1.40E-21
7.0711333	1.12E-21
7.0725989	9.53E-22
7.0740645	9.93E-22
7.0755301	9.66E-22
7.0769957	8.34E-22
7.0784613	8.21E-22
7.0799269	7.01E-22
7.0813925	7.15E-22
7.0828581	6.09E-22
7.0843237	7.81E-22
7.0857893	6.88E-22
7.0872549	6.35E-22
7.0887205	4.90E-22
7.0901861	6.88E-22
7.0916517	5.03E-22
7.0931173	3.84E-22
7.0945829	3.31E-22
7.0960485	4.24E-22
7.0975141	3.18E-22
7.0989797	2.65E-22
7.1004453	2.65E-22
7.1019109	2.91E-22
7.1033765	2.78E-22
7.1048421	2.25E-22
7.1063077	3.31E-22
7.1077733	2.65E-22
7.1092389	1.72E-22
7.1107045	1.99E-22
