mu	et
5.6265701	-3.74E-21
5.6280357	-1.31E-20
5.6295013	-9.43E-21
5.6309669	1.90E-21
5.6324325	1.90E-20
5.6338981	-1.91E-20
5.6353637	7.68E-21
5.6368293	1.74E-20
5.6382949	3.88E-21
5.6397605	-1.56E-20
5.6412261	-1.37E-20
5.6426917	7.86E-21
5.6441573	-1.38E-20
5.6456229	1.98E-21
5.6470885	5.98E-21
5.6485541	-1.60E-20
5.6500197	-3.02E-20
5.6514853	-2.02E-21
5.6529509	-1.02E-20
5.6544165	-8.16E-21
5.6558821	0.00E+00
5.6573477	-2.88E-20
5.6588133	-8.28E-21
5.6602789	-2.08E-20
5.6617445	-8.35E-21
5.6632101	-2.10E-20
5.6646757	4.22E-21
5.6661413	-1.27E-20
5.6676069	-1.28E-20
5.6690725	-4.28E-21
5.6705381	1.94E-20
5.6720037	0.00E+00
5.6734693	6.51E-21
5.6749349	8.73E-21
5.6764005	-3.73E-20
5.6778661	-8.81E-21
5.6793317	4.43E-21
5.6807973	-3.34E-20
5.6822629	0.00E+00
5.6837285	-1.57E-20
5.6851941	-3.39E-20
5.6866597	-9.08E-21
5.6881253	-3.20E-20
5.6895909	-9.18E-21
5.6910565	6.92E-21
5.6925221	-4.64E-21
5.6939877	-4.66E-21
5.6954533	-4.68E-21
5.6969189	-9.42E-21
5.6983845	-4.73E-21
5.6998501	1.43E-20
5.7013157	9.56E-21
5.7027813	1.44E-20
5.7042469	4.83E-21
5.7057125	9.72E-21
5.7071781	1.95E-20
5.7086437	4.42E-20
5.7101093	1.97E-20
5.7115749	2.48E-20
5.7130405	4.49E-20
5.7145061	6.02E-20
5.7159717	5.55E-20
5.7174373	2.54E-20
5.7189029	2.04E-20
5.7203685	6.67E-20
5.7218341	2.58E-20
5.7232997	5.18E-20
5.7247653	8.34E-20
5.7262309	5.24E-20
5.7276965	7.38E-20
5.7291621	9.54E-20
5.7306277	9.06E-20
5.7320933	6.97E-20
5.7335589	8.09E-20
5.7350245	7.59E-20
5.7364901	1.04E-19
5.7379557	8.78E-20
5.7394213	9.93E-20
5.7408869	1.33E-19
5.7423525	1.23E-19
5.7438181	1.18E-19
5.7452837	1.58E-19
5.7467493	1.48E-19
5.7482149	1.54E-19
5.7496805	1.90E-19
5.7511461	2.20E-19
5.7526117	2.15E-19
5.7540773	2.57E-19
5.7555429	2.41E-19
5.7570085	2.31E-19
5.7584741	2.98E-19
5.7599397	3.12E-19
5.7614053	3.32E-19
5.7628709	3.03E-19
5.7643365	3.54E-19
5.7658021	3.75E-19
5.7672677	4.20E-19
5.7687333	4.29E-19
5.7701989	4.88E-19
5.7716645	5.29E-19
5.7731301	5.45E-19
5.7745957	5.80E-19
5.7760613	6.36E-19
5.7775269	7.04E-19
5.7789925	6.89E-19
5.7804581	7.33E-19
5.7819237	8.23E-19
5.7833893	8.82E-19
5.7848549	9.21E-19
5.7863205	1.01E-18
5.7877861	1.08E-18
5.7892517	1.13E-18
5.7907173	1.23E-18
5.7921829	1.30E-18
5.7936485	1.44E-18
5.7951141	1.53E-18
5.7965797	1.65E-18
5.7980453	1.81E-18
5.7995109	1.86E-18
5.8009765	2.03E-18
5.8024421	2.12E-18
5.8039077	2.26E-18
5.8053733	2.45E-18
5.8068389	2.58E-18
5.8083045	2.78E-18
5.8097701	3.05E-18
5.8112357	3.25E-18
5.8127013	3.49E-18
5.8141669	3.66E-18
5.8156325	3.96E-18
5.8170981	4.34E-18
5.8185637	4.63E-18
5.8200293	4.94E-18
5.8214949	5.27E-18
5.8229605	5.67E-18
5.8244261	6.00E-18
5.8258917	6.49E-18
5.8273573	7.02E-18
5.8288229	7.56E-18
5.8302885	8.09E-18
5.8317541	8.70E-18
5.8332197	9.31E-18
5.8346853	9.96E-18
5.8361509	1.08E-17
5.8376165	1.15E-17
5.8390821	1.24E-17
5.8405477	1.33E-17
5.8420133	1.42E-17
5.8434789	1.52E-17
5.8449445	1.63E-17
5.8464101	1.75E-17
5.8478757	1.88E-17
5.8493413	2.02E-17
5.8508069	2.17E-17
5.8522725	2.34E-17
5.8537381	2.50E-17
5.8552037	2.68E-17
5.8566693	2.88E-17
5.8581349	3.10E-17
5.8596005	3.33E-17
5.8610661	3.58E-17
5.8625317	3.85E-17
5.8639973	4.14E-17
5.8654629	4.44E-17
5.8669285	4.76E-17
5.8683941	5.12E-17
5.8698597	5.50E-17
5.8713253	5.93E-17
5.8727909	6.38E-17
5.8742565	6.84E-17
5.8757221	7.36E-17
5.8771877	7.91E-17
5.8786533	8.50E-17
5.8801189	9.16E-17
5.8815845	9.84E-17
5.8830501	1.06E-16
5.8845157	1.14E-16
5.8859813	1.23E-16
5.8874469	1.32E-16
5.8889125	1.42E-16
5.8903781	1.53E-16
5.8918437	1.65E-16
5.8933093	1.77E-16
5.8947749	1.91E-16
5.8962405	2.06E-16
5.8977061	2.21E-16
5.8991717	2.38E-16
5.9006373	2.57E-16
5.9021029	2.77E-16
5.9035685	2.98E-16
5.9050341	3.21E-16
5.9064997	3.47E-16
5.9079653	3.73E-16
5.9094309	4.03E-16
5.9108965	4.34E-16
5.9123621	4.68E-16
5.9138277	5.05E-16
5.9152933	5.45E-16
5.9167589	5.88E-16
5.9182245	6.34E-16
5.9196901	6.84E-16
5.9211557	7.39E-16
5.9226213	7.97E-16
5.9240869	8.61E-16
5.9255525	9.30E-16
5.9270181	1.00E-15
5.9284837	1.08E-15
5.9299493	1.17E-15
5.9314149	1.27E-15
5.9328805	1.37E-15
5.9343461	1.48E-15
5.9358117	1.60E-15
5.9372773	1.73E-15
5.9387429	1.87E-15
5.9402085	2.02E-15
5.9416741	2.19E-15
5.9431397	2.37E-15
5.9446053	2.56E-15
5.9460709	2.77E-15
5.9475365	3.00E-15
5.9490021	3.25E-15
5.9504677	3.52E-15
5.9519333	3.81E-15
5.9533989	4.13E-15
5.9548645	4.48E-15
5.9563301	4.85E-15
5.9577957	5.26E-15
5.9592613	5.71E-15
5.9607269	6.19E-15
5.9621925	6.71E-15
5.9636581	7.29E-15
5.9651237	7.91E-15
5.9665893	8.58E-15
5.9680549	9.32E-15
5.9695205	1.01E-14
5.9709861	1.10E-14
5.9724517	1.20E-14
5.9739173	1.30E-14
5.9753829	1.41E-14
5.9768485	1.54E-14
5.9783141	1.67E-14
5.9797797	1.82E-14
5.9812453	1.98E-14
5.9827109	2.15E-14
5.9841765	2.35E-14
5.9856421	2.56E-14
5.9871077	2.78E-14
5.9885733	3.03E-14
5.9900389	3.31E-14
5.9915045	3.61E-14
5.9929701	3.94E-14
5.9944357	4.30E-14
5.9959013	4.69E-14
5.9973669	5.12E-14
5.9988325	5.59E-14
6.0002981	6.11E-14
6.0017637	6.68E-14
6.0032293	7.30E-14
6.0046949	7.99E-14
6.0061605	8.74E-14
6.0076261	9.57E-14
6.0090917	1.05E-13
6.0105573	1.15E-13
6.0120229	1.26E-13
6.0134885	1.38E-13
6.0149541	1.51E-13
6.0164197	1.66E-13
6.0178853	1.82E-13
6.0193509	2.00E-13
6.0208165	2.20E-13
6.0222821	2.42E-13
6.0237477	2.66E-13
6.0252133	2.92E-13
6.0266789	3.22E-13
6.0281445	3.54E-13
6.0296101	3.90E-13
6.0310757	4.30E-13
6.0325413	4.75E-13
6.0340069	5.24E-13
6.0354725	5.78E-13
6.0369381	6.38E-13
6.0384037	7.05E-13
6.0398693	7.80E-13
6.0413349	8.63E-13
6.0428005	9.55E-13
6.0442661	1.06E-12
6.0457317	1.17E-12
6.0471973	1.30E-12
6.0486629	1.44E-12
6.0501285	1.60E-12
6.0515941	1.78E-12
6.0530597	1.98E-12
6.0545253	2.20E-12
6.0559909	2.45E-12
6.0574565	2.73E-12
6.0589221	3.04E-12
6.0603877	3.39E-12
6.0618533	3.78E-12
6.0633189	4.22E-12
6.0647845	4.72E-12
6.0662501	5.28E-12
6.0677157	5.91E-12
6.0691813	6.62E-12
6.0706469	7.42E-12
6.0721125	8.33E-12
6.0735781	9.35E-12
6.0750437	1.05E-11
6.0765093	1.18E-11
6.0779749	1.33E-11
6.0794405	1.50E-11
6.0809061	1.69E-11
6.0823717	1.91E-11
6.0838373	2.15E-11
6.0853029	2.43E-11
6.0867685	2.75E-11
6.0882341	3.11E-11
6.0896997	3.53E-11
6.0911653	4.00E-11
6.0926309	4.54E-11
6.0940965	5.16E-11
6.0955621	5.87E-11
6.0970277	6.68E-11
6.0984933	7.61E-11
6.0999589	8.68E-11
6.1014245	9.91E-11
6.1028901	1.13E-10
6.1043557	1.29E-10
6.1058213	1.48E-10
6.1072869	1.70E-10
6.1087525	1.95E-10
6.1102181	2.23E-10
6.1116837	2.56E-10
6.1131493	2.95E-10
6.1146149	3.39E-10
6.1160805	3.91E-10
6.1175461	4.50E-10
6.1190117	5.20E-10
6.1204773	6.00E-10
6.1219429	6.93E-10
6.1234085	8.02E-10
6.1248741	9.28E-10
6.1263397	1.08E-09
6.1278053	1.25E-09
6.1292709	1.45E-09
6.1307365	1.68E-09
6.1322021	1.95E-09
6.1336677	2.27E-09
6.1351333	2.64E-09
6.1365989	3.08E-09
6.1380645	3.59E-09
6.1395301	4.18E-09
6.1409957	4.88E-09
6.1424613	5.70E-09
6.1439269	6.66E-09
6.1453925	7.79E-09
6.1468581	9.11E-09
6.1483237	1.07E-08
6.1497893	1.25E-08
6.1512549	1.46E-08
6.1527205	1.72E-08
6.1541861	2.01E-08
6.1556517	2.36E-08
6.1571173	2.77E-08
6.1585829	3.26E-08
6.1600485	3.83E-08
6.1615141	4.50E-08
6.1629797	5.29E-08
6.1644453	6.23E-08
6.1659109	7.33E-08
6.1673765	8.63E-08
6.1688421	1.02E-07
6.1703077	1.20E-07
6.1717733	1.41E-07
6.1732389	1.66E-07
6.1747045	1.96E-07
6.1761701	2.31E-07
6.1776357	2.73E-07
6.1791013	3.22E-07
6.1805669	3.80E-07
6.1820325	4.49E-07
6.1834981	5.30E-07
6.1849637	6.26E-07
6.1864293	7.39E-07
6.1878949	8.73E-07
6.1893605	1.03E-06
6.1908261	1.22E-06
6.1922917	1.44E-06
6.1937573	1.70E-06
6.1952229	2.01E-06
6.1966885	2.38E-06
6.1981541	2.82E-06
6.1996197	3.33E-06
6.2010853	3.94E-06
6.2025509	4.66E-06
6.2040165	5.52E-06
6.2054821	6.53E-06
6.2069477	7.72E-06
6.2084133	9.14E-06
6.2098789	1.08E-05
6.2113445	1.28E-05
6.2128101	1.52E-05
6.2142757	1.79E-05
6.2157413	2.12E-05
6.2172069	2.51E-05
6.2186725	2.98E-05
6.2201381	3.52E-05
6.2216037	4.17E-05
6.2230693	4.94E-05
6.2245349	5.84E-05
6.2260005	6.92E-05
6.2274661	8.19E-05
6.2289317	9.70E-05
6.2303973	1.15E-04
6.2318629	1.36E-04
6.2333285	1.61E-04
6.2347941	1.90E-04
6.2362597	2.25E-04
6.2377253	2.67E-04
6.2391909	3.15E-04
6.2406565	3.73E-04
6.2421221	4.41E-04
6.2435877	5.22E-04
6.2450533	6.17E-04
6.2465189	7.29E-04
6.2479845	8.62E-04
6.2494501	1.02E-03
6.2509157	1.20E-03
6.2523813	1.42E-03
6.2538469	1.68E-03
6.2553125	1.98E-03
6.2567781	2.33E-03
6.2582437	2.75E-03
6.2597093	3.23E-03
6.2611749	3.80E-03
6.2626405	4.47E-03
6.2641061	5.25E-03
6.2655717	6.16E-03
6.2670373	7.23E-03
6.2685029	8.46E-03
6.2699685	9.89E-03
6.2714341	1.16E-02
6.2728997	1.35E-02
6.2743653	1.57E-02
6.2758309	1.82E-02
6.2772965	2.11E-02
6.2787621	2.45E-02
6.2802277	2.82E-02
6.2816933	3.25E-02
6.2831589	3.74E-02
6.2846245	4.29E-02
6.2860901	4.90E-02
6.2875557	5.59E-02
6.2890213	6.35E-02
6.2904869	7.19E-02
6.2919525	8.13E-02
6.2934181	9.15E-02
6.2948837	1.03E-01
6.2963493	1.15E-01
6.2978149	1.28E-01
6.2992805	1.42E-01
6.3007461	1.58E-01
6.3022117	1.74E-01
6.3036773	1.92E-01
6.3051429	2.11E-01
6.3066085	2.31E-01
6.3080741	2.52E-01
6.3095397	2.75E-01
6.3110053	2.99E-01
6.3124709	3.24E-01
6.3139365	3.50E-01
6.3154021	3.78E-01
6.3168677	4.07E-01
6.3183333	4.38E-01
6.3197989	4.71E-01
6.3212645	5.05E-01
6.3227301	5.40E-01
6.3241957	5.78E-01
6.3256613	6.17E-01
6.3271269	6.58E-01
6.3285925	7.01E-01
6.3300581	7.46E-01
6.3315237	7.93E-01
6.3329893	8.42E-01
6.3344549	8.94E-01
6.3359205	9.48E-01
6.3373861	1.00E+00
6.3388517	1.06E+00
6.3403173	1.12E+00
6.3417829	1.19E+00
6.3432485	1.25E+00
6.3447141	1.32E+00
6.3461797	1.39E+00
6.3476453	1.47E+00
6.3491109	1.54E+00
6.3505765	1.62E+00
6.3520421	1.70E+00
6.3535077	1.78E+00
6.3549733	1.87E+00
6.3564389	1.95E+00
6.3579045	2.03E+00
6.3593701	2.12E+00
6.3608357	2.20E+00
6.3623013	2.29E+00
6.3637669	2.37E+00
6.3652325	2.45E+00
6.3666981	2.53E+00
6.3681637	2.60E+00
6.3696293	2.67E+00
6.3710949	2.73E+00
6.3725605	2.79E+00
6.3740261	2.83E+00
6.3754917	2.87E+00
6.3769573	2.91E+00
6.3784229	2.93E+00
6.3798885	2.94E+00
6.3813541	2.94E+00
6.3828197	2.94E+00
6.3842853	2.92E+00
6.3857509	2.89E+00
6.3872165	2.85E+00
6.3886821	2.81E+00
6.3901477	2.75E+00
6.3916133	2.69E+00
6.3930789	2.62E+00
6.3945445	2.54E+00
6.3960101	2.46E+00
6.3974757	2.38E+00
6.3989413	2.29E+00
6.4004069	2.19E+00
6.4018725	2.10E+00
6.4033381	2.00E+00
6.4048037	1.90E+00
6.4062693	1.81E+00
6.4077349	1.71E+00
6.4092005	1.61E+00
6.4106661	1.52E+00
6.4121317	1.43E+00
6.4135973	1.33E+00
6.4150629	1.25E+00
6.4165285	1.16E+00
6.4179941	1.08E+00
6.4194597	9.97E-01
6.4209253	9.20E-01
6.4223909	8.46E-01
6.4238565	7.76E-01
6.4253221	7.09E-01
6.4267877	6.46E-01
6.4282533	5.86E-01
6.4297189	5.30E-01
6.4311845	4.78E-01
6.4326501	4.30E-01
6.4341157	3.85E-01
6.4355813	3.44E-01
6.4370469	3.06E-01
6.4385125	2.71E-01
6.4399781	2.39E-01
6.4414437	2.11E-01
6.4429093	1.85E-01
6.4443749	1.62E-01
6.4458405	1.42E-01
6.4473061	1.23E-01
6.4487717	1.07E-01
6.4502373	9.27E-02
6.4517029	8.02E-02
6.4531685	6.92E-02
6.4546341	5.95E-02
6.4560997	5.12E-02
6.4575653	4.39E-02
6.4590309	3.76E-02
6.4604965	3.22E-02
6.4619621	2.75E-02
6.4634277	2.35E-02
6.4648933	2.00E-02
6.4663589	1.70E-02
6.4678245	1.45E-02
6.4692901	1.23E-02
6.4707557	1.05E-02
6.4722213	8.88E-03
6.4736869	7.54E-03
6.4751525	6.39E-03
6.4766181	5.42E-03
6.4780837	4.59E-03
6.4795493	3.89E-03
6.4810149	3.29E-03
6.4824805	2.79E-03
6.4839461	2.36E-03
6.4854117	1.99E-03
6.4868773	1.69E-03
6.4883429	1.43E-03
6.4898085	1.21E-03
6.4912741	1.02E-03
6.4927397	8.62E-04
6.4942053	7.29E-04
6.4956709	6.16E-04
6.4971365	5.21E-04
6.4986021	4.40E-04
6.5000677	3.72E-04
6.5015333	3.14E-04
6.5029989	2.66E-04
6.5044645	2.24E-04
6.5059301	1.90E-04
6.5073957	1.60E-04
6.5088613	1.36E-04
6.5103269	1.15E-04
6.5117925	9.68E-05
6.5132581	8.19E-05
6.5147237	6.92E-05
6.5161893	5.85E-05
6.5176549	4.95E-05
6.5191205	4.18E-05
6.5205861	3.54E-05
6.5220517	2.99E-05
6.5235173	2.53E-05
6.5249829	2.14E-05
6.5264485	1.81E-05
6.5279141	1.53E-05
6.5293797	1.30E-05
6.5308453	1.10E-05
6.5323109	9.31E-06
6.5337765	7.89E-06
6.5352421	6.68E-06
6.5367077	5.66E-06
6.5381733	4.80E-06
6.5396389	4.07E-06
6.5411045	3.45E-06
6.5425701	2.92E-06
6.5440357	2.48E-06
6.5455013	2.10E-06
6.5469669	1.79E-06
6.5484325	1.52E-06
6.5498981	1.29E-06
6.5513637	1.09E-06
6.5528293	9.31E-07
6.5542949	7.91E-07
6.5557605	6.73E-07
6.5572261	5.73E-07
6.5586917	4.88E-07
6.5601573	4.15E-07
6.5616229	3.54E-07
6.5630885	3.02E-07
6.5645541	2.57E-07
6.5660197	2.20E-07
6.5674853	1.88E-07
6.5689509	1.60E-07
6.5704165	1.37E-07
6.5718821	1.17E-07
6.5733477	1.00E-07
6.5748133	8.59E-08
6.5762789	7.36E-08
6.5777445	6.31E-08
6.5792101	5.41E-08
6.5806757	4.65E-08
6.5821413	3.99E-08
6.5836069	3.43E-08
6.5850725	2.95E-08
6.5865381	2.54E-08
6.5880037	2.19E-08
6.5894693	1.89E-08
6.5909349	1.63E-08
6.5924005	1.41E-08
6.5938661	1.22E-08
6.5953317	1.05E-08
6.5967973	9.14E-09
6.5982629	7.92E-09
6.5997285	6.87E-09
6.6011941	5.97E-09
6.6026597	5.18E-09
6.6041253	4.51E-09
6.6055909	3.93E-09
6.6070565	3.42E-09
6.6085221	2.98E-09
6.6099877	2.60E-09
6.6114533	2.28E-09
6.6129189	1.99E-09
6.6143845	1.74E-09
6.6158501	1.53E-09
6.6173157	1.34E-09
6.6187813	1.18E-09
6.6202469	1.03E-09
6.6217125	9.08E-10
6.6231781	7.99E-10
6.6246437	7.04E-10
6.6261093	6.21E-10
6.6275749	5.48E-10
6.6290405	4.84E-10
6.6305061	4.28E-10
6.6319717	3.78E-10
6.6334373	3.35E-10
6.6349029	2.97E-10
6.6363685	2.63E-10
6.6378341	2.34E-10
6.6392997	2.08E-10
6.6407653	1.85E-10
6.6422309	1.64E-10
6.6436965	1.46E-10
6.6451621	1.31E-10
6.6466277	1.16E-10
6.6480933	1.04E-10
6.6495589	9.29E-11
6.6510245	8.30E-11
6.6524901	7.43E-11
6.6539557	6.65E-11
6.6554213	5.96E-11
6.6568869	5.34E-11
6.6583525	4.79E-11
6.6598181	4.30E-11
6.6612837	3.87E-11
6.6627493	3.48E-11
6.6642149	3.13E-11
6.6656805	2.82E-11
6.6671461	2.54E-11
6.6686117	2.29E-11
6.6700773	2.06E-11
6.6715429	1.86E-11
6.6730085	1.68E-11
6.6744741	1.52E-11
6.6759397	1.37E-11
6.6774053	1.24E-11
6.6788709	1.12E-11
6.6803365	1.02E-11
6.6818021	9.20E-12
6.6832677	8.34E-12
6.6847333	7.57E-12
6.6861989	6.86E-12
6.6876645	6.23E-12
6.6891301	5.66E-12
6.6905957	5.14E-12
6.6920613	4.67E-12
6.6935269	4.25E-12
6.6949925	3.87E-12
6.6964581	3.52E-12
6.6979237	3.20E-12
6.6993893	2.92E-12
6.7008549	2.66E-12
6.7023205	2.43E-12
6.7037861	2.21E-12
6.7052517	2.02E-12
6.7067173	1.84E-12
6.7081829	1.68E-12
6.7096485	1.54E-12
6.7111141	1.40E-12
6.7125797	1.28E-12
6.7140453	1.17E-12
6.7155109	1.07E-12
6.7169765	9.83E-13
6.7184421	9.00E-13
6.7199077	8.24E-13
6.7213733	7.55E-13
6.7228389	6.92E-13
6.7243045	6.34E-13
6.7257701	5.82E-13
6.7272357	5.33E-13
6.7287013	4.89E-13
6.7301669	4.49E-13
6.7316325	4.12E-13
6.7330981	3.79E-13
6.7345637	3.48E-13
6.7360293	3.20E-13
6.7374949	2.94E-13
6.7389605	2.70E-13
6.7404261	2.48E-13
6.7418917	2.28E-13
6.7433573	2.10E-13
6.7448229	1.93E-13
6.7462885	1.78E-13
6.7477541	1.64E-13
6.7492197	1.51E-13
6.7506853	1.39E-13
6.7521509	1.28E-13
6.7536165	1.18E-13
6.7550821	1.09E-13
6.7565477	1.00E-13
6.7580133	9.25E-14
6.7594789	8.53E-14
6.7609445	7.87E-14
6.7624101	7.26E-14
6.7638757	6.70E-14
6.7653413	6.19E-14
6.7668069	5.72E-14
6.7682725	5.28E-14
6.7697381	4.88E-14
6.7712037	4.50E-14
6.7726693	4.16E-14
6.7741349	3.85E-14
6.7756005	3.56E-14
6.7770661	3.29E-14
6.7785317	3.04E-14
6.7799973	2.81E-14
6.7814629	2.60E-14
6.7829285	2.41E-14
6.7843941	2.23E-14
6.7858597	2.06E-14
6.7873253	1.91E-14
6.7887909	1.77E-14
6.7902565	1.63E-14
6.7917221	1.51E-14
6.7931877	1.40E-14
6.7946533	1.30E-14
6.7961189	1.20E-14
6.7975845	1.12E-14
6.7990501	1.03E-14
6.8005157	9.58E-15
6.8019813	8.88E-15
6.8034469	8.23E-15
6.8049125	7.63E-15
6.8063781	7.08E-15
6.8078437	6.57E-15
6.8093093	6.09E-15
6.8107749	5.65E-15
6.8122405	5.25E-15
6.8137061	4.87E-15
6.8151717	4.52E-15
6.8166373	4.19E-15
6.8181029	3.89E-15
6.8195685	3.61E-15
6.8210341	3.36E-15
6.8224997	3.12E-15
6.8239653	2.90E-15
6.8254309	2.69E-15
6.8268965	2.50E-15
6.8283621	2.32E-15
6.8298277	2.16E-15
6.8312933	2.00E-15
6.8327589	1.86E-15
6.8342245	1.73E-15
6.8356901	1.61E-15
6.8371557	1.50E-15
6.8386213	1.39E-15
6.8400869	1.29E-15
6.8415525	1.20E-15
6.8430181	1.12E-15
6.8444837	1.04E-15
6.8459493	9.69E-16
6.8474149	9.01E-16
6.8488805	8.39E-16
6.8503461	7.81E-16
6.8518117	7.26E-16
6.8532773	6.76E-16
6.8547429	6.29E-16
6.8562085	5.86E-16
6.8576741	5.45E-16
6.8591397	5.08E-16
6.8606053	4.73E-16
6.8620709	4.40E-16
6.8635365	4.10E-16
6.8650021	3.82E-16
6.8664677	3.56E-16
6.8679333	3.31E-16
6.8693989	3.09E-16
6.8708645	2.88E-16
6.8723301	2.68E-16
6.8737957	2.50E-16
6.8752613	2.33E-16
6.8767269	2.17E-16
6.8781925	2.02E-16
6.8796581	1.88E-16
6.8811237	1.76E-16
6.8825893	1.64E-16
6.8840549	1.53E-16
6.8855205	1.42E-16
6.8869861	1.33E-16
6.8884517	1.24E-16
6.8899173	1.15E-16
6.8913829	1.08E-16
6.8928485	1.00E-16
6.8943141	9.37E-17
6.8957797	8.74E-17
6.8972453	8.15E-17
6.8987109	7.61E-17
6.9001765	7.10E-17
6.9016421	6.62E-17
6.9031077	6.18E-17
6.9045733	5.77E-17
6.9060389	5.38E-17
6.9075045	5.03E-17
6.9089701	4.69E-17
6.9104357	4.38E-17
6.9119013	4.09E-17
6.9133669	3.82E-17
6.9148325	3.56E-17
6.9162981	3.32E-17
6.9177637	3.11E-17
6.9192293	2.90E-17
6.9206949	2.71E-17
6.9221605	2.53E-17
6.9236261	2.36E-17
6.9250917	2.21E-17
6.9265573	2.06E-17
6.9280229	1.92E-17
6.9294885	1.80E-17
6.9309541	1.68E-17
6.9324197	1.57E-17
6.9338853	1.46E-17
6.9353509	1.37E-17
6.9368165	1.28E-17
6.9382821	1.20E-17
6.9397477	1.12E-17
6.9412133	1.04E-17
6.9426789	9.75E-18
6.9441445	9.12E-18
6.9456101	8.53E-18
6.9470757	7.96E-18
6.9485413	7.47E-18
6.9500069	6.96E-18
6.9514725	6.53E-18
6.9529381	6.10E-18
6.9544037	5.69E-18
6.9558693	5.32E-18
6.9573349	4.97E-18
6.9588005	4.65E-18
6.9602661	4.33E-18
6.9617317	4.10E-18
6.9631973	3.81E-18
6.9646629	3.57E-18
6.9661285	3.32E-18
6.9675941	3.14E-18
6.9690597	2.93E-18
6.9705253	2.73E-18
6.9719909	2.57E-18
6.9734565	2.41E-18
6.9749221	2.23E-18
6.9763877	2.09E-18
6.9778533	1.96E-18
6.9793189	1.84E-18
6.9807845	1.74E-18
6.9822501	1.59E-18
6.9837157	1.50E-18
6.9851813	1.40E-18
6.9866469	1.30E-18
6.9881125	1.23E-18
6.9895781	1.15E-18
6.9910437	1.08E-18
6.9925093	9.94E-19
6.9939749	9.44E-19
6.9954405	8.90E-19
6.9969061	8.19E-19
6.9983717	7.68E-19
6.9998373	7.22E-19
7.0013029	6.81E-19
7.0027685	6.12E-19
7.0042341	5.84E-19
7.0056997	5.55E-19
7.0071653	5.19E-19
7.0086309	4.71E-19
7.0100965	4.49E-19
7.0115621	4.34E-19
7.0130277	4.06E-19
7.0144933	3.62E-19
7.0159589	3.46E-19
7.0174245	3.15E-19
7.0188901	3.06E-19
7.0203557	3.04E-19
7.0218213	2.85E-19
7.0232869	2.47E-19
7.0247525	2.32E-19
7.0262181	2.20E-19
7.0276837	2.26E-19
7.0291493	1.74E-19
7.0306149	1.79E-19
7.0320805	1.65E-19
7.0335461	1.58E-19
7.0350117	1.37E-19
7.0364773	1.38E-19
7.0379429	1.34E-19
7.0394085	1.09E-19
7.0408741	1.11E-19
7.0423397	1.14E-19
7.0438053	8.27E-20
7.0452709	8.77E-20
7.0467365	7.84E-20
7.0482021	8.33E-20
7.0496677	8.11E-20
7.0511333	7.55E-20
7.0525989	8.21E-20
7.0540645	5.21E-20
7.0555301	5.54E-20
7.0569957	6.37E-20
7.0584613	5.83E-20
7.0599269	4.60E-20
7.0613925	4.75E-20
7.0628581	4.39E-20
7.0643237	2.69E-20
7.0657893	2.68E-20
7.0672549	3.17E-20
7.0687205	2.65E-20
7.0701861	2.15E-20
7.0716517	2.14E-20
7.0731173	1.64E-20
7.0745829	2.44E-20
7.0760485	3.08E-20
7.0775141	2.42E-20
7.0789797	1.61E-20
7.0804453	1.76E-20
7.0819109	2.23E-20
7.0833765	2.53E-20
7.0848421	1.58E-20
7.0863077	7.85E-21
7.0877733	1.72E-20
7.0892389	1.71E-20
7.0907045	2.32E-20
