mu	hit
5.760543635	-3.17E-08
5.762707369	-3.19E-08
5.764871104	-3.21E-08
5.767034838	-3.23E-08
5.769198573	-3.25E-08
5.771362307	-3.27E-08
5.773526042	-3.29E-08
5.775689776	-3.31E-08
5.777853511	-3.34E-08
5.780017245	-3.36E-08
5.78218098	-3.38E-08
5.784344714	-3.40E-08
5.786508449	-3.42E-08
5.788672183	-3.45E-08
5.790835918	-3.47E-08
5.792999652	-3.49E-08
5.795163387	-3.52E-08
5.797327121	-3.54E-08
5.799490856	-3.57E-08
5.80165459	-3.59E-08
5.803818325	-3.62E-08
5.805982059	-3.64E-08
5.808145794	-3.67E-08
5.810309528	-3.69E-08
5.812473263	-3.72E-08
5.814636997	-3.75E-08
5.816800732	-3.77E-08
5.818964466	-3.80E-08
5.821128201	-3.83E-08
5.823291935	-3.85E-08
5.82545567	-3.88E-08
5.827619404	-3.91E-08
5.829783139	-3.94E-08
5.831946873	-3.97E-08
5.834110608	-4.00E-08
5.836274342	-4.03E-08
5.838438077	-4.06E-08
5.840601811	-4.09E-08
5.842765546	-4.12E-08
5.84492928	-4.15E-08
5.847093015	-4.18E-08
5.849256749	-4.22E-08
5.851420484	-4.25E-08
5.853584218	-4.28E-08
5.855747953	-4.32E-08
5.857911687	-4.35E-08
5.860075422	-4.38E-08
5.862239156	-4.42E-08
5.864402891	-4.45E-08
5.866566625	-4.49E-08
5.86873036	-4.53E-08
5.870894094	-4.56E-08
5.873057829	-4.60E-08
5.875221563	-4.64E-08
5.877385298	-4.68E-08
5.879549032	-4.72E-08
5.881712767	-4.76E-08
5.883876501	-4.80E-08
5.886040236	-4.84E-08
5.88820397	-4.88E-08
5.890367705	-4.92E-08
5.892531439	-4.96E-08
5.894695174	-5.00E-08
5.896858908	-5.05E-08
5.899022643	-5.09E-08
5.901186377	-5.14E-08
5.903350112	-5.18E-08
5.905513846	-5.23E-08
5.907677581	-5.28E-08
5.909841315	-5.32E-08
5.91200505	-5.37E-08
5.914168784	-5.42E-08
5.916332519	-5.47E-08
5.918496253	-5.52E-08
5.920659988	-5.57E-08
5.922823722	-5.63E-08
5.924987457	-5.68E-08
5.927151191	-5.73E-08
5.929314926	-5.79E-08
5.93147866	-5.84E-08
5.933642395	-5.90E-08
5.935806129	-5.96E-08
5.937969864	-6.02E-08
5.940133598	-6.08E-08
5.942297333	-6.14E-08
5.944461067	-6.20E-08
5.946624802	-6.26E-08
5.948788536	-6.32E-08
5.950952271	-6.39E-08
5.953116005	-6.45E-08
5.95527974	-6.52E-08
5.957443474	-6.59E-08
5.959607209	-6.66E-08
5.961770943	-6.73E-08
5.963934678	-6.80E-08
5.966098412	-6.87E-08
5.968262147	-6.95E-08
5.970425881	-7.03E-08
5.972589616	-7.10E-08
5.97475335	-7.18E-08
5.976917085	-7.26E-08
5.979080819	-7.34E-08
5.981244554	-7.43E-08
5.983408288	-7.51E-08
5.985572023	-7.60E-08
5.987735757	-7.69E-08
5.989899492	-7.78E-08
5.992063226	-7.87E-08
5.994226961	-7.96E-08
5.996390695	-8.06E-08
5.99855443	-8.15E-08
6.000718164	-8.25E-08
6.002881899	-8.35E-08
6.005045633	-8.46E-08
6.007209368	-8.56E-08
6.009373102	-8.67E-08
6.011536837	-8.78E-08
6.013700571	-8.89E-08
6.015864306	-9.01E-08
6.01802804	-9.13E-08
6.020191775	-9.25E-08
6.022355509	-9.37E-08
6.024519244	-9.50E-08
6.026682978	-9.62E-08
6.028846713	-9.75E-08
6.031010447	-9.89E-08
6.033174182	-1.00E-07
6.035337916	-1.02E-07
6.037501651	-1.03E-07
6.039665385	-1.05E-07
6.04182912	-1.06E-07
6.043992854	-1.08E-07
6.046156589	-1.09E-07
6.048320323	-1.11E-07
6.050484058	-1.13E-07
6.052647792	-1.14E-07
6.054811527	-1.16E-07
6.056975261	-1.18E-07
6.059138996	-1.20E-07
6.06130273	-1.21E-07
6.063466465	-1.23E-07
6.065630199	-1.25E-07
6.067793934	-1.27E-07
6.069957668	-1.30E-07
6.072121403	-1.32E-07
6.074285137	-1.34E-07
6.076448872	-1.36E-07
6.078612606	-1.39E-07
6.080776341	-1.41E-07
6.082940075	-1.43E-07
6.08510381	-1.46E-07
6.087267544	-1.49E-07
6.089431279	-1.51E-07
6.091595013	-1.54E-07
6.093758748	-1.57E-07
6.095922482	-1.60E-07
6.098086217	-1.63E-07
6.100249951	-1.66E-07
6.102413686	-1.70E-07
6.10457742	-1.73E-07
6.106741155	-1.76E-07
6.108904889	-1.80E-07
6.111068624	-1.84E-07
6.113232358	-1.88E-07
6.115396093	-1.92E-07
6.117559827	-1.96E-07
6.119723562	-2.00E-07
6.121887296	-2.04E-07
6.124051031	-2.09E-07
6.126214765	-2.14E-07
6.1283785	-2.19E-07
6.130542234	-2.24E-07
6.132705969	-2.29E-07
6.134869703	-2.35E-07
6.137033438	-2.40E-07
6.139197172	-2.46E-07
6.141360907	-2.53E-07
6.143524641	-2.59E-07
6.145688376	-2.66E-07
6.14785211	-2.73E-07
6.150015845	-2.80E-07
6.152179579	-2.88E-07
6.154343314	-2.96E-07
6.156507048	-3.05E-07
6.158670783	-3.13E-07
6.160834517	-3.22E-07
6.162998252	-3.32E-07
6.165161986	-3.42E-07
6.167325721	-3.53E-07
6.169489455	-3.64E-07
6.17165319	-3.76E-07
6.173816924	-3.88E-07
6.175980659	-4.01E-07
6.178144393	-4.14E-07
6.180308128	-4.28E-07
6.182471862	-4.43E-07
6.184635597	-4.59E-07
6.186799331	-4.76E-07
6.188963066	-4.94E-07
6.1911268	-5.13E-07
6.193290535	-5.32E-07
6.195454269	-5.53E-07
6.197618004	-5.76E-07
6.199781738	-5.99E-07
6.201945473	-6.24E-07
6.204109207	-6.51E-07
6.206272942	-6.79E-07
6.208436676	-7.10E-07
6.210600411	-7.42E-07
6.212764145	-7.76E-07
6.21492788	-8.13E-07
6.217091614	-8.52E-07
6.219255349	-8.94E-07
6.221419083	-9.39E-07
6.223582818	-9.87E-07
6.225746552	-1.04E-06
6.227910287	-1.09E-06
6.230074021	-1.15E-06
6.232237756	-1.22E-06
6.23440149	-1.28E-06
6.236565225	-1.36E-06
6.238728959	-1.44E-06
6.240892694	-1.52E-06
6.243056428	-1.62E-06
6.245220163	-1.72E-06
6.247383897	-1.82E-06
6.249547632	-1.94E-06
6.251711366	-2.07E-06
6.253875101	-2.20E-06
6.256038835	-2.35E-06
6.25820257	-2.51E-06
6.260366304	-2.68E-06
6.262530039	-2.87E-06
6.264693773	-3.07E-06
6.266857508	-3.29E-06
6.269021242	-3.53E-06
6.271184977	-3.79E-06
6.273348711	-4.07E-06
6.275512446	-4.37E-06
6.27767618	-4.70E-06
6.279839915	-5.06E-06
6.282003649	-5.45E-06
6.284167384	-5.87E-06
6.286331118	-6.33E-06
6.288494853	-6.83E-06
6.290658587	-7.37E-06
6.292822322	-7.96E-06
6.294986056	-8.60E-06
6.297149791	-9.30E-06
6.299313525	-1.01E-05
6.30147726	-1.09E-05
6.303640994	-1.18E-05
6.305804729	-1.27E-05
6.307968463	-1.38E-05
6.310132198	-1.49E-05
6.312295932	-1.62E-05
6.314459667	-1.76E-05
6.316623401	-1.90E-05
6.318787136	-2.06E-05
6.32095087	-2.24E-05
6.323114605	-2.43E-05
6.325278339	-2.63E-05
6.327442074	-2.86E-05
6.329605808	-3.10E-05
6.331769543	-3.37E-05
6.333933277	-3.65E-05
6.336097012	-3.97E-05
6.338260746	-4.31E-05
6.340424481	-4.68E-05
6.342588215	-5.08E-05
6.34475195	-5.52E-05
6.346915684	-5.99E-05
6.349079419	-6.51E-05
6.351243153	-7.07E-05
6.353406888	-7.68E-05
6.355570622	-8.35E-05
6.357734357	-9.07E-05
6.359898091	-9.86E-05
6.362061826	-1.07E-04
6.36422556	-1.16E-04
6.366389295	-1.27E-04
6.368553029	-1.38E-04
6.370716764	-1.49E-04
6.372880498	-1.62E-04
6.375044233	-1.77E-04
6.377207967	-1.92E-04
6.379371702	-2.09E-04
6.381535436	-2.27E-04
6.383699171	-2.47E-04
6.385862905	-2.68E-04
6.38802664	-2.91E-04
6.390190374	-3.17E-04
6.392354109	-3.44E-04
6.394517843	-3.74E-04
6.396681578	-4.07E-04
6.398845312	-4.42E-04
6.401009047	-4.81E-04
6.403172781	-5.23E-04
6.405336516	-5.68E-04
6.40750025	-6.18E-04
6.409663985	-6.72E-04
6.411827719	-7.31E-04
6.413991454	-7.94E-04
6.416155188	-8.64E-04
6.418318923	-9.39E-04
6.420482657	-1.02E-03
6.422646392	-1.11E-03
6.424810126	-1.21E-03
6.426973861	-1.31E-03
6.429137595	-1.43E-03
6.43130133	-1.55E-03
6.433465064	-1.69E-03
6.435628799	-1.83E-03
6.437792533	-1.99E-03
6.439956268	-2.17E-03
6.442120002	-2.36E-03
6.444283737	-2.56E-03
6.446447471	-2.79E-03
6.448611206	-3.03E-03
6.45077494	-3.29E-03
6.452938675	-3.58E-03
6.455102409	-3.89E-03
6.457266144	-4.23E-03
6.459429878	-4.60E-03
6.461593613	-5.00E-03
6.463757347	-5.44E-03
6.465921082	-5.92E-03
6.468084816	-6.43E-03
6.470248551	-6.99E-03
6.472412285	-7.60E-03
6.47457602	-8.27E-03
6.476739754	-8.99E-03
6.478903489	-9.78E-03
6.481067223	-1.06E-02
6.483230958	-1.16E-02
6.485394692	-1.26E-02
6.487558427	-1.37E-02
6.489722161	-1.49E-02
6.491885896	-1.62E-02
6.49404963	-1.76E-02
6.496213365	-1.91E-02
6.498377099	-2.08E-02
6.500540834	-2.26E-02
6.502704568	-2.45E-02
6.504868303	-2.67E-02
6.507032037	-2.90E-02
6.509195772	-3.16E-02
6.511359506	-3.43E-02
6.513523241	-3.73E-02
6.515686975	-4.06E-02
6.51785071	-4.41E-02
6.520014444	-4.79E-02
6.522178179	-5.21E-02
6.524341913	-5.67E-02
6.526505648	-6.16E-02
6.528669382	-6.70E-02
6.530833117	-7.29E-02
6.532996851	-7.92E-02
6.535160586	-8.61E-02
6.53732432	-9.37E-02
6.539488055	-1.02E-01
6.541651789	-1.11E-01
6.543815524	-1.20E-01
6.545979258	-1.31E-01
6.548142993	-1.42E-01
6.550306727	-1.55E-01
6.552470462	-1.68E-01
6.554634196	-1.83E-01
6.556797931	-1.99E-01
6.558961665	-2.16E-01
6.5611254	-2.35E-01
6.563289134	-2.56E-01
6.565452869	-2.78E-01
6.567616603	-3.02E-01
6.569780338	-3.29E-01
6.571944072	-3.57E-01
6.574107807	-3.89E-01
6.576271541	-4.23E-01
6.578435276	-4.59E-01
6.58059901	-5.00E-01
6.582762745	-5.43E-01
6.584926479	-5.91E-01
6.587090214	-6.42E-01
6.589253948	-6.98E-01
6.591417683	-7.59E-01
6.593581417	-8.25E-01
6.595745152	-8.97E-01
6.597908886	-9.76E-01
6.600072621	-1.06E+00
6.602236355	-1.15E+00
6.60440009	-1.25E+00
6.606563824	-1.36E+00
6.608727559	-1.48E+00
6.610891293	-1.61E+00
6.613055028	-1.75E+00
6.615218762	-1.91E+00
6.617382497	-2.07E+00
6.619546231	-2.25E+00
6.621709966	-2.45E+00
6.6238737	-2.66E+00
6.626037435	-2.90E+00
6.628201169	-3.15E+00
6.630364904	-3.42E+00
6.632528638	-3.72E+00
6.634692373	-4.05E+00
6.636856107	-4.40E+00
6.639019842	-4.79E+00
6.641183576	-5.20E+00
6.643347311	-5.66E+00
6.645511045	-6.15E+00
6.64767478	-6.69E+00
6.649838514	-7.27E+00
6.652002249	-7.91E+00
6.654165983	-8.60E+00
6.656329718	-9.35E+00
6.658493452	-1.02E+01
6.660657187	-1.11E+01
6.662820921	-1.20E+01
6.664984656	-1.31E+01
6.66714839	-1.42E+01
6.669312125	-1.55E+01
6.671475859	-1.68E+01
6.673639594	-1.83E+01
6.675803328	-1.99E+01
6.677967063	-2.16E+01
6.680130797	-2.35E+01
6.682294532	-2.55E+01
6.684458266	-2.78E+01
6.686622001	-3.02E+01
6.688785735	-3.28E+01
6.69094947	-3.57E+01
6.693113204	-3.88E+01
6.695276939	-4.22E+01
6.697440673	-4.59E+01
6.699604408	-4.99E+01
6.701768142	-5.42E+01
6.703931877	-5.90E+01
6.706095611	-6.41E+01
6.708259346	-6.97E+01
6.71042308	-7.58E+01
6.712586815	-8.24E+01
6.714750549	-8.96E+01
6.716914284	-9.74E+01
6.719078018	-1.06E+02
6.721241753	-1.15E+02
6.723405487	-1.25E+02
6.725569222	-1.36E+02
6.727732956	-1.48E+02
6.729896691	-1.61E+02
6.732060425	-1.75E+02
6.73422416	-1.90E+02
6.736387894	-2.07E+02
6.738551629	-2.25E+02
6.740715363	-2.45E+02
6.742879098	-2.66E+02
6.745042832	-2.89E+02
6.747206567	-3.14E+02
6.749370301	-3.42E+02
6.751534036	-3.71E+02
6.75369777	-4.04E+02
6.755861505	-4.39E+02
6.758025239	-4.77E+02
6.760188974	-5.19E+02
6.762352708	-5.64E+02
6.764516443	-6.13E+02
6.766680177	-6.66E+02
6.768843912	-7.24E+02
6.771007646	-7.86E+02
6.773171381	-8.54E+02
6.775335115	-9.28E+02
6.77749885	-1.01E+03
6.779662584	-1.09E+03
6.781826319	-1.19E+03
6.783990053	-1.29E+03
6.786153788	-1.40E+03
6.788317522	-1.52E+03
6.790481257	-1.65E+03
6.792644991	-1.78E+03
6.794808726	-1.93E+03
6.79697246	-2.09E+03
6.799136195	-2.26E+03
6.801299929	-2.44E+03
6.803463664	-2.63E+03
6.805627398	-2.84E+03
6.807791133	-3.05E+03
6.809954867	-3.27E+03
6.812118602	-3.50E+03
6.814282336	-3.74E+03
6.816446071	-3.98E+03
6.818609805	-4.21E+03
6.82077354	-4.44E+03
6.822937274	-4.65E+03
6.825101009	-4.84E+03
6.827264743	-4.99E+03
6.829428478	-5.08E+03
6.831592212	-5.11E+03
6.833755947	-5.05E+03
6.835919681	-4.87E+03
6.838083416	-4.57E+03
6.84024715	-4.10E+03
6.842410885	-3.45E+03
6.844574619	-2.59E+03
6.846738354	-1.52E+03
6.848902088	-2.21E+02
6.851065823	1.30E+03
6.853229557	3.03E+03
6.855393292	4.93E+03
6.857557026	6.95E+03
6.859720761	9.04E+03
6.861884495	1.11E+04
6.86404823	1.31E+04
6.866211964	1.50E+04
6.868375699	1.67E+04
6.870539433	1.81E+04
6.872703168	1.92E+04
6.874866902	2.00E+04
6.877030637	2.05E+04
6.879194371	2.08E+04
6.881358106	2.07E+04
6.88352184	2.05E+04
6.885685575	2.00E+04
6.887849309	1.94E+04
6.890013044	1.87E+04
6.892176778	1.79E+04
6.894340513	1.70E+04
6.896504247	1.61E+04
6.898667982	1.51E+04
6.900831716	1.42E+04
6.902995451	1.33E+04
6.905159185	1.24E+04
6.90732292	1.16E+04
6.909486654	1.07E+04
6.911650389	9.98E+03
6.913814123	9.25E+03
6.915977858	8.56E+03
6.918141592	7.92E+03
6.920305327	7.32E+03
6.922469061	6.76E+03
6.924632796	6.23E+03
6.92679653	5.75E+03
6.928960265	5.30E+03
6.931123999	4.89E+03
6.933287734	4.50E+03
6.935451468	4.15E+03
6.937615203	3.82E+03
6.939778937	3.51E+03
6.941942672	3.24E+03
6.944106406	2.98E+03
6.946270141	2.74E+03
6.948433875	2.52E+03
6.95059761	2.32E+03
6.952761344	2.13E+03
6.954925079	1.96E+03
6.957088813	1.81E+03
6.959252548	1.66E+03
6.961416282	1.53E+03
6.963580017	1.41E+03
6.965743751	1.29E+03
6.967907486	1.19E+03
6.97007122	1.09E+03
6.972234955	1.01E+03
6.974398689	9.26E+02
6.976562424	8.52E+02
6.978726158	7.83E+02
6.980889893	7.20E+02
6.983053627	6.63E+02
6.985217362	6.09E+02
6.987381096	5.61E+02
6.989544831	5.16E+02
6.991708565	4.74E+02
6.9938723	4.36E+02
6.996036034	4.01E+02
6.998199769	3.69E+02
7.000363503	3.39E+02
7.002527238	3.12E+02
7.004690972	2.87E+02
7.006854707	2.64E+02
7.009018441	2.43E+02
7.011182176	2.23E+02
7.01334591	2.05E+02
7.015509645	1.89E+02
7.017673379	1.74E+02
7.019837114	1.60E+02
7.022000848	1.47E+02
7.024164583	1.35E+02
7.026328317	1.24E+02
7.028492052	1.14E+02
7.030655786	1.05E+02
7.032819521	9.67E+01
7.034983255	8.89E+01
7.03714699	8.18E+01
7.039310724	7.52E+01
7.041474459	6.92E+01
7.043638193	6.36E+01
7.045801928	5.85E+01
7.047965662	5.38E+01
7.050129397	4.95E+01
7.052293131	4.55E+01
7.054456866	4.19E+01
7.0566206	3.85E+01
7.058784335	3.54E+01
7.060948069	3.26E+01
7.063111804	2.99E+01
7.065275538	2.75E+01
7.067439273	2.53E+01
7.069603007	2.33E+01
7.071766742	2.14E+01
7.073930476	1.97E+01
7.076094211	1.81E+01
7.078257945	1.67E+01
7.08042168	1.53E+01
7.082585414	1.41E+01
7.084749149	1.30E+01
7.086912883	1.19E+01
7.089076618	1.10E+01
7.091240352	1.01E+01
7.093404087	9.28E+00
7.095567821	8.53E+00
7.097731556	7.85E+00
7.09989529	7.22E+00
7.102059025	6.64E+00
7.104222759	6.11E+00
7.106386494	5.62E+00
7.108550228	5.16E+00
7.110713963	4.75E+00
7.112877697	4.37E+00
7.115041432	4.02E+00
7.117205166	3.70E+00
7.119368901	3.40E+00
7.121532635	3.13E+00
7.12369637	2.87E+00
7.125860104	2.64E+00
7.128023839	2.43E+00
7.130187573	2.24E+00
7.132351308	2.06E+00
7.134515042	1.89E+00
7.136678777	1.74E+00
7.138842511	1.60E+00
7.141006246	1.47E+00
7.14316998	1.35E+00
7.145333715	1.24E+00
7.147497449	1.14E+00
7.149661184	1.05E+00
7.151824918	9.68E-01
7.153988653	8.91E-01
7.156152387	8.19E-01
7.158316122	7.53E-01
7.160479856	6.93E-01
7.162643591	6.37E-01
7.164807325	5.86E-01
7.16697106	5.39E-01
7.169134794	4.96E-01
7.171298529	4.56E-01
7.173462263	4.19E-01
7.175625998	3.86E-01
7.177789732	3.55E-01
7.179953467	3.26E-01
7.182117201	3.00E-01
7.184280936	2.76E-01
7.18644467	2.54E-01
7.188608405	2.33E-01
7.190772139	2.15E-01
7.192935874	1.97E-01
7.195099608	1.82E-01
7.197263343	1.67E-01
7.199427077	1.54E-01
7.201590812	1.41E-01
7.203754546	1.30E-01
7.205918281	1.19E-01
7.208082015	1.10E-01
7.21024575	1.01E-01
7.212409484	9.29E-02
7.214573219	8.55E-02
7.216736953	7.86E-02
7.218900688	7.23E-02
7.221064422	6.65E-02
7.223228157	6.12E-02
7.225391891	5.63E-02
7.227555626	5.17E-02
7.22971936	4.76E-02
7.231883095	4.38E-02
7.234046829	4.03E-02
7.236210564	3.70E-02
7.238374298	3.40E-02
7.240538033	3.13E-02
7.242701767	2.88E-02
7.244865502	2.65E-02
7.247029236	2.44E-02
7.249192971	2.24E-02
7.251356705	2.06E-02
7.25352044	1.90E-02
7.255684174	1.74E-02
7.257847909	1.60E-02
7.260011643	1.47E-02
7.262175378	1.36E-02
7.264339112	1.25E-02
7.266502847	1.15E-02
7.268666581	1.06E-02
7.270830316	9.71E-03
7.27299405	8.93E-03
7.275157785	8.21E-03
7.277321519	7.55E-03
7.279485254	6.95E-03
7.281648988	6.39E-03
7.283812723	5.88E-03
7.285976457	5.41E-03
7.288140192	4.97E-03
7.290303926	4.58E-03
7.292467661	4.21E-03
7.294631395	3.87E-03
7.29679513	3.56E-03
7.298958864	3.28E-03
7.301122599	3.01E-03
7.303286333	2.77E-03
7.305450068	2.55E-03
7.307613802	2.35E-03
7.309777537	2.16E-03
7.311941271	1.99E-03
7.314105006	1.83E-03
7.31626874	1.68E-03
7.318432475	1.55E-03
7.320596209	1.42E-03
7.322759944	1.31E-03
7.324923678	1.21E-03
7.327087413	1.11E-03
7.329251147	1.02E-03
7.331414882	9.40E-04
7.333578616	8.66E-04
7.335742351	7.97E-04
7.337906085	7.34E-04
7.34006982	6.76E-04
7.342233554	6.22E-04
7.344397289	5.73E-04
7.346561023	5.28E-04
7.348724758	4.86E-04
7.350888492	4.48E-04
7.353052227	4.13E-04
7.355215961	3.80E-04
7.357379696	3.50E-04
7.35954343	3.23E-04
7.361707165	2.98E-04
7.363870899	2.75E-04
7.366034634	2.53E-04
7.368198368	2.34E-04
7.370362103	2.16E-04
7.372525837	1.99E-04
7.374689572	1.84E-04
7.376853306	1.70E-04
7.379017041	1.57E-04
7.381180775	1.45E-04
7.38334451	1.34E-04
7.385508244	1.24E-04
7.387671979	1.15E-04
7.389835713	1.06E-04
7.391999448	9.85E-05
7.394163182	9.13E-05
7.396326917	8.46E-05
7.398490651	7.85E-05
7.400654386	7.29E-05
7.40281812	6.77E-05
7.404981855	6.29E-05
7.407145589	5.85E-05
7.409309324	5.45E-05
7.411473058	5.07E-05
7.413636793	4.73E-05
7.415800527	4.41E-05
7.417964262	4.12E-05
7.420127996	3.85E-05
7.422291731	3.60E-05
7.424455465	3.37E-05
7.4266192	3.16E-05
7.428782934	2.96E-05
7.430946669	2.78E-05
7.433110403	2.61E-05
7.435274138	2.46E-05
7.437437872	2.31E-05
7.439601607	2.18E-05
7.441765341	2.06E-05
7.443929076	1.94E-05
7.44609281	1.84E-05
7.448256545	1.74E-05
7.450420279	1.64E-05
7.452584014	1.56E-05
7.454747748	1.48E-05
7.456911483	1.40E-05
7.459075217	1.34E-05
7.461238952	1.27E-05
7.463402686	1.21E-05
7.465566421	1.15E-05
7.467730155	1.10E-05
7.46989389	1.05E-05
7.472057624	1.00E-05
7.474221359	9.61E-06
7.476385093	9.20E-06
7.478548828	8.82E-06
7.480712562	8.46E-06
7.482876297	8.12E-06
7.485040031	7.80E-06
7.487203766	7.49E-06
7.4893675	7.21E-06
7.491531235	6.94E-06
7.493694969	6.68E-06
7.495858704	6.44E-06
7.498022438	6.21E-06
7.500186173	5.99E-06
7.502349907	5.79E-06
7.504513642	5.59E-06
7.506677376	5.41E-06
7.508841111	5.23E-06
7.511004845	5.06E-06
7.51316858	4.90E-06
7.515332314	4.75E-06
7.517496049	4.61E-06
7.519659783	4.47E-06
7.521823518	4.34E-06
7.523987252	4.21E-06
7.526150987	4.09E-06
7.528314721	3.97E-06
7.530478456	3.86E-06
7.53264219	3.76E-06
7.534805925	3.66E-06
7.536969659	3.56E-06
7.539133394	3.47E-06
7.541297128	3.38E-06
7.543460863	3.29E-06
7.545624597	3.21E-06
7.547788332	3.13E-06
7.549952066	3.05E-06
7.552115801	2.98E-06
7.554279535	2.91E-06
7.55644327	2.84E-06
7.558607004	2.77E-06
7.560770739	2.71E-06
7.562934473	2.65E-06
7.565098208	2.59E-06
7.567261942	2.53E-06
7.569425677	2.48E-06
7.571589411	2.43E-06
7.573753146	2.37E-06
7.57591688	2.32E-06
7.578080615	2.28E-06
7.580244349	2.23E-06
7.582408084	2.18E-06
7.584571818	2.14E-06
7.586735553	2.10E-06
7.588899287	2.06E-06
7.591063022	2.02E-06
7.593226756	1.98E-06
7.595390491	1.94E-06
7.597554225	1.90E-06
7.59971796	1.87E-06
7.601881694	1.83E-06
7.604045429	1.80E-06
7.606209163	1.77E-06
7.608372898	1.74E-06
7.610536632	1.71E-06
7.612700367	1.68E-06
7.614864101	1.65E-06
7.617027836	1.62E-06
7.61919157	1.59E-06
7.621355305	1.57E-06
7.623519039	1.54E-06
7.625682774	1.51E-06
7.627846508	1.49E-06
7.630010243	1.47E-06
7.632173977	1.44E-06
7.634337712	1.42E-06
7.636501446	1.40E-06
7.638665181	1.38E-06
7.640828915	1.35E-06
7.64299265	1.33E-06
7.645156384	1.31E-06
7.647320119	1.29E-06
7.649483853	1.27E-06
7.651647588	1.26E-06
7.653811322	1.24E-06
7.655975057	1.22E-06
7.658138791	1.20E-06
7.660302526	1.18E-06
7.66246626	1.17E-06
7.664629995	1.15E-06
7.666793729	1.13E-06
7.668957464	1.12E-06
7.671121198	1.10E-06
7.673284933	1.09E-06
7.675448667	1.07E-06
7.677612402	1.06E-06
7.679776136	1.05E-06
7.681939871	1.03E-06
7.684103605	1.02E-06
7.68626734	1.00E-06
7.688431074	9.91E-07
7.690594809	9.78E-07
7.692758543	9.66E-07
7.694922278	9.54E-07
7.697086012	9.42E-07
7.699249747	9.30E-07
7.701413481	9.18E-07
7.703577216	9.07E-07
7.70574095	8.96E-07
7.707904685	8.85E-07
7.710068419	8.74E-07
7.712232154	8.64E-07
7.714395888	8.53E-07
7.716559623	8.43E-07
7.718723357	8.33E-07
7.720887092	8.24E-07
7.723050826	8.14E-07
7.725214561	8.05E-07
7.727378295	7.95E-07
7.72954203	7.86E-07
7.731705764	7.77E-07
7.733869499	7.69E-07
7.736033233	7.60E-07
7.738196968	7.51E-07
7.740360702	7.43E-07
7.742524437	7.35E-07
7.744688171	7.27E-07
7.746851906	7.19E-07
7.74901564	7.11E-07
7.751179375	7.04E-07
7.753343109	6.96E-07
7.755506844	6.89E-07
7.757670578	6.81E-07
7.759834313	6.74E-07
7.761998047	6.67E-07
7.764161782	6.60E-07
7.766325516	6.53E-07
7.768489251	6.47E-07
7.770652985	6.40E-07
7.77281672	6.34E-07
7.774980454	6.27E-07
7.777144189	6.21E-07
7.779307923	6.15E-07
7.781471658	6.09E-07
7.783635392	6.03E-07
7.785799127	5.97E-07
7.787962861	5.91E-07
7.790126596	5.85E-07
7.79229033	5.79E-07
7.794454065	5.74E-07
7.796617799	5.68E-07
7.798781534	5.63E-07
7.800945268	5.58E-07
7.803109003	5.52E-07
7.805272737	5.47E-07
7.807436472	5.42E-07
7.809600206	5.37E-07
7.811763941	5.32E-07
7.813927675	5.27E-07
7.81609141	5.22E-07
7.818255144	5.18E-07
7.820418879	5.13E-07
7.822582613	5.08E-07
7.824746348	5.04E-07
7.826910082	4.99E-07
7.829073817	4.95E-07
7.831237551	4.90E-07
7.833401286	4.86E-07
7.83556502	4.82E-07
7.837728755	4.78E-07
7.839892489	4.73E-07
7.842056224	4.69E-07
7.844219958	4.65E-07
7.846383693	4.61E-07
7.848547427	4.57E-07
7.850711162	4.53E-07
7.852874896	4.50E-07
7.855038631	4.46E-07
7.857202365	4.42E-07
7.8593661	4.38E-07
7.861529834	4.35E-07
7.863693569	4.31E-07
7.865857303	4.28E-07
7.868021038	4.24E-07
7.870184772	4.21E-07
7.872348507	4.17E-07
7.874512241	4.14E-07
7.876675976	4.10E-07
7.87883971	4.07E-07
7.881003445	4.04E-07
7.883167179	4.01E-07
7.885330914	3.97E-07
7.887494648	3.94E-07
7.889658383	3.91E-07
7.891822117	3.88E-07
7.893985852	3.85E-07
7.896149586	3.82E-07
7.898313321	3.79E-07
7.900477055	3.76E-07
7.90264079	3.73E-07
7.904804524	3.71E-07
7.906968259	3.68E-07
7.909131993	3.65E-07
7.911295728	3.62E-07
7.913459462	3.59E-07
7.915623197	3.57E-07
7.917786931	3.54E-07
7.919950666	3.51E-07
7.9221144	3.49E-07
