mu	et
5.750543635	-1.11E-20
5.752707369	7.47E-21
5.754871104	2.26E-20
5.757034838	1.89E-20
5.759198573	1.90E-20
5.761362307	-3.07E-20
5.763526042	-7.72E-21
5.765689776	-3.11E-20
5.767853511	1.17E-20
5.770017245	7.08E-20
5.77218098	5.55E-20
5.774344714	1.20E-20
5.776508449	-3.21E-20
5.778672183	4.85E-20
5.780835918	6.11E-20
5.782999652	1.64E-20
5.785163387	-8.26E-21
5.787327121	-1.25E-20
5.789490856	-3.77E-20
5.79165459	4.64E-20
5.793818325	-1.27E-20
5.795982059	6.41E-20
5.798145794	-4.30E-21
5.800309528	-2.17E-20
5.802473263	1.31E-20
5.804636997	-8.80E-21
5.806800732	-2.22E-20
5.808964466	-3.12E-20
5.811128201	-6.74E-20
5.813291935	-1.36E-20
5.81545567	-2.74E-20
5.817619404	9.19E-21
5.819783139	1.85E-20
5.821946873	3.73E-20
5.824110608	2.35E-20
5.826274342	-4.74E-21
5.828438077	-2.86E-20
5.830601811	-4.81E-21
5.832765546	-6.79E-20
5.83492928	-6.84E-20
5.837093015	4.92E-20
5.839256749	0.00E+00
5.841420484	-1.00E-20
5.843584218	-5.04E-20
5.845747953	3.05E-20
5.847911687	2.05E-20
5.850075422	-3.10E-20
5.852239156	5.20E-20
5.854402891	-1.05E-20
5.856566625	-1.06E-20
5.85873036	-4.27E-20
5.860894094	5.38E-20
5.863057829	1.08E-20
5.865221563	-1.09E-20
5.867385298	3.31E-20
5.869549032	-8.90E-20
5.871712767	-1.12E-20
5.873876501	-3.39E-20
5.876040236	-7.99E-20
5.87820397	0.00E+00
5.880367705	-4.64E-20
5.882531439	-2.34E-20
5.884695174	-8.27E-20
5.886858908	2.38E-20
5.889022643	1.20E-20
5.891186377	-1.21E-20
5.893350112	-9.80E-20
5.895513846	-1.24E-20
5.897677581	3.74E-20
5.899841315	1.26E-20
5.90200505	-5.08E-20
5.904168784	-3.85E-20
5.906332519	-6.47E-20
5.908496253	-5.23E-20
5.910659988	-1.32E-20
5.912823722	0.00E+00
5.914987457	0.00E+00
5.917151191	0.00E+00
5.919314926	-1.10E-19
5.92147866	4.16E-20
5.923642395	-1.40E-20
5.925806129	-1.41E-20
5.927969864	4.28E-20
5.930133598	2.88E-20
5.932297333	2.91E-20
5.934461067	8.83E-20
5.936624802	2.97E-20
5.938788536	-7.51E-20
5.940952271	6.08E-20
5.943116005	1.07E-19
5.94527974	3.10E-20
5.947443474	7.84E-20
5.949607209	6.34E-20
5.951770943	-1.76E-19
5.953934678	8.10E-20
5.956098412	1.64E-20
5.958262147	0.00E+00
5.960425881	-3.35E-20
5.962589616	0.00E+00
5.96475335	-5.14E-20
5.966917085	1.73E-20
5.969080819	-1.93E-19
5.971244554	7.10E-20
5.973408288	3.59E-20
5.975572023	0.00E+00
5.977735757	-7.36E-20
5.979899492	-5.58E-20
5.982063226	0.00E+00
5.984226961	-7.63E-20
5.986390695	-9.66E-20
5.98855443	5.87E-20
5.990718164	0.00E+00
5.992881899	-2.01E-20
5.995045633	0.00E+00
5.997209368	2.06E-20
5.999373102	-6.25E-20
6.001536837	-6.34E-20
6.003700571	-2.14E-20
6.005864306	6.51E-20
6.00802804	-8.80E-20
6.010191775	1.11E-19
6.012355509	9.04E-20
6.014519244	2.29E-20
6.016682978	1.16E-19
6.018846713	-4.72E-20
6.021010447	2.39E-20
6.023174182	-1.70E-19
6.025337916	9.85E-20
6.027501651	1.25E-19
6.029665385	-2.54E-20
6.03182912	1.55E-19
6.033992854	-1.83E-19
6.036156589	-1.06E-19
6.038320323	-2.70E-20
6.040484058	0.00E+00
6.042647792	8.35E-20
6.044811527	5.66E-20
6.046975261	-1.15E-19
6.049138996	0.00E+00
6.05130273	0.00E+00
6.053466465	-1.21E-19
6.055630199	-1.84E-19
6.057793934	0.00E+00
6.059957668	0.00E+00
6.062121403	1.29E-19
6.064285137	6.59E-20
6.066448872	-1.34E-19
6.068612606	-6.83E-20
6.070776341	4.87E-19
6.072940075	2.13E-19
6.07510381	7.23E-20
6.077267544	-1.47E-19
6.079431279	1.50E-19
6.081595013	7.66E-20
6.083758748	-1.56E-19
6.085922482	7.97E-20
6.088086217	4.88E-19
6.090249951	4.15E-19
6.092413686	-2.54E-19
6.09457742	3.46E-19
6.096741155	1.77E-19
6.098904889	-2.71E-19
6.101068624	-3.70E-19
6.103232358	0.00E+00
6.105396093	1.93E-19
6.107559827	-9.89E-20
6.109723562	0.00E+00
6.111887296	1.04E-19
6.114051031	2.12E-19
6.116214765	-2.18E-19
6.1183785	1.12E-19
6.120542234	0.00E+00
6.122705969	1.17E-19
6.124869703	3.61E-19
6.127033438	4.94E-19
6.129197172	3.81E-19
6.131360907	5.22E-19
6.133524641	-5.36E-19
6.135688376	1.38E-19
6.13785211	4.25E-19
6.140015845	0.00E+00
6.142179579	-6.01E-19
6.144343314	0.00E+00
6.146507048	-3.19E-19
6.148670783	-8.23E-19
6.150834517	0.00E+00
6.152998252	1.75E-19
6.155161986	-5.44E-19
6.157325721	3.75E-19
6.159489455	-3.87E-19
6.16165319	1.20E-18
6.163816924	0.00E+00
6.165980659	1.29E-18
6.168144393	4.46E-19
6.170308128	4.62E-19
6.172471862	-4.80E-19
6.174635597	-9.97E-19
6.176799331	1.04E-18
6.178963066	-1.62E-18
6.1811268	5.61E-19
6.183290535	0.00E+00
6.185454269	-6.10E-19
6.187618004	-1.27E-18
6.189781738	-1.99E-18
6.191945473	-6.94E-19
6.194109207	-2.18E-18
6.196272942	0.00E+00
6.198436676	0.00E+00
6.200600411	0.00E+00
6.202764145	8.76E-19
6.20492788	1.84E-18
6.207091614	9.68E-19
6.209255349	-2.04E-18
6.211419083	0.00E+00
6.213582818	1.13E-18
6.215746552	0.00E+00
6.217910287	-6.30E-18
6.220074021	-5.33E-18
6.222237756	-2.82E-18
6.22440149	-4.48E-18
6.226565225	3.17E-18
6.228728959	3.36E-18
6.230892694	1.79E-18
6.233056428	0.00E+00
6.235220163	-4.04E-18
6.237383897	-8.62E-18
6.239547632	4.59E-18
6.241711366	4.90E-18
6.243875101	0.00E+00
6.246038835	-5.60E-18
6.24820257	-5.99E-18
6.250366304	1.28E-17
6.252530039	-6.87E-18
6.254693773	7.37E-18
6.256857508	-7.91E-18
6.259021242	8.50E-18
6.261184977	1.83E-17
6.263348711	-1.97E-17
6.265512446	0.00E+00
6.26767618	-3.42E-17
6.269839915	-2.46E-17
6.272003649	-2.65E-17
6.274167384	2.86E-17
6.276331118	1.54E-17
6.278494853	1.66E-17
6.280658587	-5.39E-17
6.282822322	7.77E-17
6.284986056	-2.10E-17
6.287149791	0.00E+00
6.289313525	-2.46E-17
6.29147726	2.66E-17
6.293640994	-2.88E-17
6.295804729	-9.37E-17
6.297968463	-3.38E-17
6.300132198	0.00E+00
6.302295932	-1.99E-16
6.304459667	-8.62E-17
6.306623401	-1.87E-16
6.308787136	-2.03E-16
6.31095087	2.20E-16
6.313114605	-1.19E-16
6.315278339	0.00E+00
6.317442074	-1.41E-16
6.319605808	0.00E+00
6.321769543	-3.31E-16
6.323933277	-3.60E-16
6.326097012	3.91E-16
6.328260746	2.12E-16
6.330424481	-4.61E-16
6.332588215	-2.50E-16
6.33475195	-5.44E-16
6.336915684	2.95E-16
6.339079419	6.42E-16
6.341243153	6.97E-16
6.343406888	-3.79E-16
6.345570622	-1.23E-15
6.347734357	-4.47E-16
6.349898091	-4.86E-16
6.352061826	-5.28E-16
6.35422556	-1.15E-15
6.356389295	0.00E+00
6.358553029	-1.36E-15
6.360716764	1.47E-15
6.362880498	8.01E-16
6.365044233	3.48E-15
6.367207967	7.57E-15
6.369371702	4.12E-15
6.371535436	8.95E-15
6.373699171	9.73E-15
6.375862905	1.59E-14
6.37802664	2.30E-14
6.380190374	3.28E-14
6.382354109	3.40E-14
6.384517843	5.91E-14
6.386681578	7.83E-14
6.388845312	1.07E-13
6.391009047	1.21E-13
6.393172781	1.63E-13
6.395336516	1.99E-13
6.39750025	2.62E-13
6.399663985	3.61E-13
6.401827719	4.69E-13
6.403991454	5.88E-13
6.406155188	7.37E-13
6.408318923	9.91E-13
6.410482657	1.26E-12
6.412646392	1.60E-12
6.414810126	2.13E-12
6.416973861	2.71E-12
6.419137595	3.50E-12
6.42130133	4.51E-12
6.423465064	5.79E-12
6.425628799	7.46E-12
6.427792533	9.60E-12
6.429956268	1.22E-11
6.432120002	1.57E-11
6.434283737	2.04E-11
6.436447471	2.61E-11
6.438611206	3.35E-11
6.44077494	4.32E-11
6.442938675	5.57E-11
6.445102409	7.15E-11
6.447266144	9.19E-11
6.449429878	1.18E-10
6.451593613	1.52E-10
6.453757347	1.95E-10
6.455921082	2.51E-10
6.458084816	3.23E-10
6.460248551	4.15E-10
6.462412285	5.33E-10
6.46457602	6.86E-10
6.466739754	8.81E-10
6.468903489	1.13E-09
6.471067223	1.46E-09
6.473230958	1.87E-09
6.475394692	2.40E-09
6.477558427	3.09E-09
6.479722161	3.97E-09
6.481885896	5.11E-09
6.48404963	6.57E-09
6.486213365	8.44E-09
6.488377099	1.09E-08
6.490540834	1.39E-08
6.492704568	1.79E-08
6.494868303	2.30E-08
6.497032037	2.96E-08
6.499195772	3.81E-08
6.501359506	4.90E-08
6.503523241	6.29E-08
6.505686975	8.09E-08
6.50785071	1.04E-07
6.510014444	1.34E-07
6.512178179	1.72E-07
6.514341913	2.21E-07
6.516505648	2.84E-07
6.518669382	3.65E-07
6.520833117	4.69E-07
6.522996851	6.03E-07
6.525160586	7.75E-07
6.52732432	9.96E-07
6.529488055	1.28E-06
6.531651789	1.65E-06
6.533815524	2.12E-06
6.535979258	2.72E-06
6.538142993	3.50E-06
6.540306727	4.49E-06
6.542470462	5.78E-06
6.544634196	7.43E-06
6.546797931	9.55E-06
6.548961665	1.23E-05
6.5511254	1.58E-05
6.553289134	2.03E-05
6.555452869	2.61E-05
6.557616603	3.35E-05
6.559780338	4.31E-05
6.561944072	5.54E-05
6.564107807	7.12E-05
6.566271541	9.15E-05
6.568435276	1.18E-04
6.57059901	1.51E-04
6.572762745	1.94E-04
6.574926479	2.50E-04
6.577090214	3.21E-04
6.579253948	4.13E-04
6.581417683	5.30E-04
6.583581417	6.82E-04
6.585745152	8.77E-04
6.587908886	1.13E-03
6.590072621	1.45E-03
6.592236355	1.86E-03
6.59440009	2.39E-03
6.596563824	3.08E-03
6.598727559	3.95E-03
6.600891293	5.08E-03
6.603055028	6.53E-03
6.605218762	8.40E-03
6.607382497	1.08E-02
6.609546231	1.39E-02
6.611709966	1.78E-02
6.6138737	2.29E-02
6.616037435	2.95E-02
6.618201169	3.79E-02
6.620364904	4.87E-02
6.622528638	6.26E-02
6.624692373	8.05E-02
6.626856107	1.03E-01
6.629019842	1.33E-01
6.631183576	1.71E-01
6.633347311	2.20E-01
6.635511045	2.82E-01
6.63767478	3.63E-01
6.639838514	4.67E-01
6.642002249	6.00E-01
6.644165983	7.71E-01
6.646329718	9.91E-01
6.648493452	1.27E+00
6.650657187	1.64E+00
6.652820921	2.11E+00
6.654984656	2.71E+00
6.65714839	3.48E+00
6.659312125	4.47E+00
6.661475859	5.75E+00
6.663639594	7.39E+00
6.665803328	9.49E+00
6.667967063	1.22E+01
6.670130797	1.57E+01
6.672294532	2.02E+01
6.674458266	2.59E+01
6.676622001	3.33E+01
6.678785735	4.28E+01
6.68094947	5.50E+01
6.683113204	7.07E+01
6.685276939	9.08E+01
6.687440673	1.17E+02
6.689604408	1.50E+02
6.691768142	1.93E+02
6.693931877	2.47E+02
6.696095611	3.18E+02
6.698259346	4.08E+02
6.70042308	5.24E+02
6.702586815	6.72E+02
6.704750549	8.62E+02
6.706914284	1.11E+03
6.709078018	1.42E+03
6.711241753	1.82E+03
6.713405487	2.33E+03
6.715569222	2.98E+03
6.717732956	3.82E+03
6.719896691	4.88E+03
6.722060425	6.23E+03
6.72422416	7.95E+03
6.726387894	1.01E+04
6.728551629	1.29E+04
6.730715363	1.64E+04
6.732879098	2.07E+04
6.735042832	2.62E+04
6.737206567	3.31E+04
6.739370301	4.16E+04
6.741534036	5.21E+04
6.74369777	6.50E+04
6.745861505	8.07E+04
6.748025239	9.99E+04
6.750188974	1.23E+05
6.752352708	1.50E+05
6.754516443	1.83E+05
6.756680177	2.21E+05
6.758843912	2.65E+05
6.761007646	3.16E+05
6.763171381	3.74E+05
6.765335115	4.40E+05
6.76749885	5.14E+05
6.769662584	5.96E+05
6.771826319	6.86E+05
6.773990053	7.86E+05
6.776153788	8.94E+05
6.778317522	1.01E+06
6.780481257	1.14E+06
6.782644991	1.28E+06
6.784808726	1.43E+06
6.78697246	1.59E+06
6.789136195	1.76E+06
6.791299929	1.94E+06
6.793463664	2.14E+06
6.795627398	2.36E+06
6.797791133	2.58E+06
6.799954867	2.83E+06
6.802118602	3.09E+06
6.804282336	3.37E+06
6.806446071	3.67E+06
6.808609805	3.99E+06
6.81077354	4.33E+06
6.812937274	4.69E+06
6.815101009	5.07E+06
6.817264743	5.48E+06
6.819428478	5.90E+06
6.821592212	6.34E+06
6.823755947	6.80E+06
6.825919681	7.27E+06
6.828083416	7.74E+06
6.83024715	8.23E+06
6.832410885	8.70E+06
6.834574619	9.17E+06
6.836738354	9.61E+06
6.838902088	1.00E+07
6.841065823	1.04E+07
6.843229557	1.07E+07
6.845393292	1.10E+07
6.847557026	1.12E+07
6.849720761	1.13E+07
6.851884495	1.13E+07
6.85404823	1.13E+07
6.856211964	1.12E+07
6.858375699	1.10E+07
6.860539433	1.07E+07
6.862703168	1.04E+07
6.864866902	1.01E+07
6.867030637	9.64E+06
6.869194371	9.19E+06
6.871358106	8.73E+06
6.87352184	8.25E+06
6.875685575	7.77E+06
6.877849309	7.28E+06
6.880013044	6.81E+06
6.882176778	6.35E+06
6.884340513	5.90E+06
6.886504247	5.47E+06
6.888667982	5.06E+06
6.890831716	4.67E+06
6.892995451	4.30E+06
6.895159185	3.96E+06
6.89732292	3.63E+06
6.899486654	3.32E+06
6.901650389	3.03E+06
6.903814123	2.76E+06
6.905977858	2.50E+06
6.908141592	2.27E+06
6.910305327	2.04E+06
6.912469061	1.83E+06
6.914632796	1.64E+06
6.91679653	1.45E+06
6.918960265	1.28E+06
6.921123999	1.12E+06
6.923287734	9.76E+05
6.925451468	8.38E+05
6.927615203	7.11E+05
6.929778937	5.94E+05
6.931942672	4.87E+05
6.934106406	3.89E+05
6.936270141	3.02E+05
6.938433875	2.25E+05
6.94059761	1.57E+05
6.942761344	9.78E+04
6.944925079	4.78E+04
6.947088813	6.02E+03
6.949252548	-2.81E+04
6.951416282	-5.54E+04
6.953580017	-7.64E+04
6.955743751	-9.21E+04
6.957907486	-1.03E+05
6.96007122	-1.10E+05
6.962234955	-1.14E+05
6.964398689	-1.16E+05
6.966562424	-1.15E+05
6.968726158	-1.13E+05
6.970889893	-1.09E+05
6.973053627	-1.05E+05
6.975217362	-1.00E+05
6.977381096	-9.50E+04
6.979544831	-8.97E+04
6.981708565	-8.43E+04
6.9838723	-7.89E+04
6.986036034	-7.37E+04
6.988199769	-6.87E+04
6.990363503	-6.39E+04
6.992527238	-5.93E+04
6.994690972	-5.49E+04
6.996854707	-5.09E+04
6.999018441	-4.70E+04
7.001182176	-4.35E+04
7.00334591	-4.01E+04
7.005509645	-3.70E+04
7.007673379	-3.42E+04
7.009837114	-3.15E+04
7.012000848	-2.90E+04
7.014164583	-2.67E+04
7.016328317	-2.46E+04
7.018492052	-2.27E+04
7.020655786	-2.09E+04
7.022819521	-1.92E+04
7.024983255	-1.77E+04
7.02714699	-1.63E+04
7.029310724	-1.50E+04
7.031474459	-1.38E+04
7.033638193	-1.27E+04
7.035801928	-1.17E+04
7.037965662	-1.07E+04
7.040129397	-9.87E+03
7.042293131	-9.08E+03
7.044456866	-8.35E+03
7.0466206	-7.68E+03
7.048784335	-7.07E+03
7.050948069	-6.50E+03
7.053111804	-5.98E+03
7.055275538	-5.50E+03
7.057439273	-5.06E+03
7.059603007	-4.65E+03
7.061766742	-4.28E+03
7.063930476	-3.94E+03
7.066094211	-3.62E+03
7.068257945	-3.33E+03
7.07042168	-3.06E+03
7.072585414	-2.82E+03
7.074749149	-2.59E+03
7.076912883	-2.38E+03
7.079076618	-2.19E+03
7.081240352	-2.01E+03
7.083404087	-1.85E+03
7.085567821	-1.70E+03
7.087731556	-1.57E+03
7.08989529	-1.44E+03
7.092059025	-1.33E+03
7.094222759	-1.22E+03
7.096386494	-1.12E+03
7.098550228	-1.03E+03
7.100713963	-9.49E+02
7.102877697	-8.72E+02
7.105041432	-8.02E+02
7.107205166	-7.38E+02
7.109368901	-6.79E+02
7.111532635	-6.24E+02
7.11369637	-5.74E+02
7.115860104	-5.28E+02
7.118023839	-4.86E+02
7.120187573	-4.47E+02
7.122351308	-4.11E+02
7.124515042	-3.78E+02
7.126678777	-3.47E+02
7.128842511	-3.20E+02
7.131006246	-2.94E+02
7.13316998	-2.70E+02
7.135333715	-2.49E+02
7.137497449	-2.29E+02
7.139661184	-2.10E+02
7.141824918	-1.93E+02
7.143988653	-1.78E+02
7.146152387	-1.64E+02
7.148316122	-1.50E+02
7.150479856	-1.38E+02
7.152643591	-1.27E+02
7.154807325	-1.17E+02
7.15697106	-1.08E+02
7.159134794	-9.90E+01
7.161298529	-9.11E+01
7.163462263	-8.37E+01
7.165625998	-7.70E+01
7.167789732	-7.08E+01
7.169953467	-6.51E+01
7.172117201	-5.99E+01
7.174280936	-5.51E+01
7.17644467	-5.07E+01
7.178608405	-4.66E+01
7.180772139	-4.29E+01
7.182935874	-3.94E+01
7.185099608	-3.63E+01
7.187263343	-3.34E+01
7.189427077	-3.07E+01
7.191590812	-2.82E+01
7.193754546	-2.59E+01
7.195918281	-2.39E+01
7.198082015	-2.19E+01
7.20024575	-2.02E+01
7.202409484	-1.86E+01
7.204573219	-1.71E+01
7.206736953	-1.57E+01
7.208900688	-1.44E+01
7.211064422	-1.33E+01
7.213228157	-1.22E+01
7.215391891	-1.12E+01
7.217555626	-1.03E+01
7.21971936	-9.50E+00
7.221883095	-8.74E+00
7.224046829	-8.04E+00
7.226210564	-7.39E+00
7.228374298	-6.80E+00
7.230538033	-6.25E+00
7.232701767	-5.75E+00
7.234865502	-5.29E+00
7.237029236	-4.87E+00
7.239192971	-4.48E+00
7.241356705	-4.12E+00
7.24352044	-3.79E+00
7.245684174	-3.48E+00
7.247847909	-3.20E+00
7.250011643	-2.95E+00
7.252175378	-2.71E+00
7.254339112	-2.49E+00
7.256502847	-2.29E+00
7.258666581	-2.11E+00
7.260830316	-1.94E+00
7.26299405	-1.78E+00
7.265157785	-1.64E+00
7.267321519	-1.51E+00
7.269485254	-1.39E+00
7.271648988	-1.28E+00
7.273812723	-1.17E+00
7.275976457	-1.08E+00
7.278140192	-9.94E-01
7.280303926	-9.14E-01
7.282467661	-8.41E-01
7.284631395	-7.73E-01
7.28679513	-7.11E-01
7.288958864	-6.54E-01
7.291122599	-6.02E-01
7.293286333	-5.54E-01
7.295450068	-5.10E-01
7.297613802	-4.69E-01
7.299777537	-4.31E-01
7.301941271	-3.97E-01
7.304105006	-3.65E-01
7.30626874	-3.36E-01
7.308432475	-3.09E-01
7.310596209	-2.84E-01
7.312759944	-2.62E-01
7.314923678	-2.41E-01
7.317087413	-2.22E-01
7.319251147	-2.04E-01
7.321414882	-1.88E-01
7.323578616	-1.73E-01
7.325742351	-1.59E-01
7.327906085	-1.47E-01
7.33006982	-1.35E-01
7.332233554	-1.24E-01
7.334397289	-1.14E-01
7.336561023	-1.05E-01
7.338724758	-9.71E-02
7.340888492	-8.94E-02
7.343052227	-8.24E-02
7.345215961	-7.59E-02
7.347379696	-7.00E-02
7.34954343	-6.45E-02
7.351707165	-5.95E-02
7.353870899	-5.48E-02
7.356034634	-5.06E-02
7.358198368	-4.67E-02
7.360362103	-4.31E-02
7.362525837	-3.98E-02
7.364689572	-3.67E-02
7.366853306	-3.39E-02
7.369017041	-3.13E-02
7.371180775	-2.89E-02
7.37334451	-2.68E-02
7.375508244	-2.48E-02
7.377671979	-2.29E-02
7.379835713	-2.12E-02
7.381999448	-1.96E-02
7.384163182	-1.82E-02
7.386326917	-1.69E-02
7.388490651	-1.57E-02
7.390654386	-1.45E-02
7.39281812	-1.35E-02
7.394981855	-1.25E-02
7.397145589	-1.17E-02
7.399309324	-1.09E-02
7.401473058	-1.01E-02
7.403636793	-9.42E-03
7.405800527	-8.79E-03
7.407964262	-8.21E-03
7.410127996	-7.67E-03
7.412291731	-7.17E-03
7.414455465	-6.71E-03
7.4166192	-6.29E-03
7.418782934	-5.89E-03
7.420946669	-5.53E-03
7.423110403	-5.20E-03
7.425274138	-4.89E-03
7.427437872	-4.60E-03
7.429601607	-4.33E-03
7.431765341	-4.08E-03
7.433929076	-3.85E-03
7.43609281	-3.64E-03
7.438256545	-3.44E-03
7.440420279	-3.26E-03
7.442584014	-3.09E-03
7.444747748	-2.93E-03
7.446911483	-2.78E-03
7.449075217	-2.64E-03
7.451238952	-2.51E-03
7.453402686	-2.39E-03
7.455566421	-2.28E-03
7.457730155	-2.17E-03
7.45989389	-2.08E-03
7.462057624	-1.98E-03
7.464221359	-1.90E-03
7.466385093	-1.81E-03
7.468548828	-1.74E-03
7.470712562	-1.66E-03
7.472876297	-1.60E-03
7.475040031	-1.53E-03
7.477203766	-1.47E-03
7.4793675	-1.41E-03
7.481531235	-1.36E-03
7.483694969	-1.31E-03
7.485858704	-1.26E-03
7.488022438	-1.22E-03
7.490186173	-1.17E-03
7.492349907	-1.13E-03
7.494513642	-1.09E-03
7.496677376	-1.06E-03
7.498841111	-1.02E-03
7.501004845	-9.87E-04
7.50316858	-9.55E-04
7.505332314	-9.25E-04
7.507496049	-8.96E-04
7.509659783	-8.68E-04
7.511823518	-8.42E-04
7.513987252	-8.16E-04
7.516150987	-7.92E-04
7.518314721	-7.69E-04
7.520478456	-7.47E-04
7.52264219	-7.26E-04
7.524805925	-7.06E-04
7.526969659	-6.87E-04
7.529133394	-6.68E-04
7.531297128	-6.50E-04
7.533460863	-6.33E-04
7.535624597	-6.16E-04
7.537788332	-6.01E-04
7.539952066	-5.85E-04
7.542115801	-5.71E-04
7.544279535	-5.57E-04
7.54644327	-5.43E-04
7.548607004	-5.30E-04
7.550770739	-5.17E-04
7.552934473	-5.05E-04
7.555098208	-4.93E-04
7.557261942	-4.82E-04
7.559425677	-4.71E-04
7.561589411	-4.60E-04
7.563753146	-4.50E-04
7.56591688	-4.40E-04
7.568080615	-4.31E-04
7.570244349	-4.22E-04
7.572408084	-4.13E-04
7.574571818	-4.04E-04
7.576735553	-3.95E-04
7.578899287	-3.87E-04
7.581063022	-3.79E-04
7.583226756	-3.72E-04
7.585390491	-3.64E-04
7.587554225	-3.57E-04
7.58971796	-3.50E-04
7.591881694	-3.43E-04
7.594045429	-3.37E-04
7.596209163	-3.30E-04
7.598372898	-3.24E-04
7.600536632	-3.18E-04
7.602700367	-3.12E-04
7.604864101	-3.06E-04
7.607027836	-3.01E-04
7.60919157	-2.95E-04
7.611355305	-2.90E-04
7.613519039	-2.85E-04
7.615682774	-2.80E-04
7.617846508	-2.75E-04
7.620010243	-2.70E-04
7.622173977	-2.66E-04
7.624337712	-2.61E-04
7.626501446	-2.57E-04
7.628665181	-2.53E-04
7.630828915	-2.48E-04
7.63299265	-2.44E-04
7.635156384	-2.40E-04
7.637320119	-2.36E-04
7.639483853	-2.33E-04
7.641647588	-2.29E-04
7.643811322	-2.25E-04
7.645975057	-2.22E-04
7.648138791	-2.18E-04
7.650302526	-2.15E-04
7.65246626	-2.12E-04
7.654629995	-2.08E-04
7.656793729	-2.05E-04
7.658957464	-2.02E-04
7.661121198	-1.99E-04
7.663284933	-1.96E-04
7.665448667	-1.93E-04
7.667612402	-1.90E-04
7.669776136	-1.88E-04
7.671939871	-1.85E-04
7.674103605	-1.82E-04
7.67626734	-1.80E-04
7.678431074	-1.77E-04
7.680594809	-1.75E-04
7.682758543	-1.72E-04
7.684922278	-1.70E-04
7.687086012	-1.68E-04
7.689249747	-1.65E-04
7.691413481	-1.63E-04
7.693577216	-1.61E-04
7.69574095	-1.59E-04
7.697904685	-1.57E-04
7.700068419	-1.54E-04
7.702232154	-1.52E-04
7.704395888	-1.50E-04
7.706559623	-1.49E-04
7.708723357	-1.47E-04
7.710887092	-1.45E-04
7.713050826	-1.43E-04
7.715214561	-1.41E-04
7.717378295	-1.39E-04
7.71954203	-1.37E-04
7.721705764	-1.36E-04
7.723869499	-1.34E-04
7.726033233	-1.32E-04
7.728196968	-1.31E-04
7.730360702	-1.29E-04
7.732524437	-1.28E-04
7.734688171	-1.26E-04
7.736851906	-1.25E-04
7.73901564	-1.23E-04
7.741179375	-1.22E-04
7.743343109	-1.20E-04
7.745506844	-1.19E-04
7.747670578	-1.17E-04
7.749834313	-1.16E-04
7.751998047	-1.15E-04
7.754161782	-1.13E-04
7.756325516	-1.12E-04
7.758489251	-1.11E-04
7.760652985	-1.09E-04
7.76281672	-1.08E-04
7.764980454	-1.07E-04
7.767144189	-1.06E-04
7.769307923	-1.05E-04
7.771471658	-1.04E-04
7.773635392	-1.02E-04
7.775799127	-1.01E-04
7.777962861	-1.00E-04
7.780126596	-9.90E-05
7.78229033	-9.80E-05
7.784454065	-9.69E-05
7.786617799	-9.59E-05
7.788781534	-9.49E-05
7.790945268	-9.38E-05
7.793109003	-9.28E-05
7.795272737	-9.19E-05
7.797436472	-9.09E-05
7.799600206	-9.00E-05
7.801763941	-8.90E-05
7.803927675	-8.81E-05
7.80609141	-8.72E-05
7.808255144	-8.63E-05
7.810418879	-8.54E-05
7.812582613	-8.46E-05
7.814746348	-8.37E-05
7.816910082	-8.29E-05
7.819073817	-8.20E-05
7.821237551	-8.12E-05
7.823401286	-8.04E-05
7.82556502	-7.96E-05
7.827728755	-7.88E-05
7.829892489	-7.80E-05
7.832056224	-7.73E-05
7.834219958	-7.65E-05
7.836383693	-7.58E-05
7.838547427	-7.50E-05
7.840711162	-7.43E-05
7.842874896	-7.36E-05
7.845038631	-7.29E-05
7.847202365	-7.22E-05
7.8493661	-7.15E-05
7.851529834	-7.09E-05
7.853693569	-7.02E-05
7.855857303	-6.95E-05
7.858021038	-6.89E-05
7.860184772	-6.82E-05
7.862348507	-6.76E-05
7.864512241	-6.70E-05
7.866675976	-6.64E-05
7.86883971	-6.58E-05
7.871003445	-6.52E-05
7.873167179	-6.46E-05
7.875330914	-6.40E-05
7.877494648	-6.34E-05
7.879658383	-6.28E-05
7.881822117	-6.23E-05
7.883985852	-6.17E-05
7.886149586	-6.12E-05
7.888313321	-6.06E-05
7.890477055	-6.01E-05
7.89264079	-5.96E-05
7.894804524	-5.90E-05
7.896968259	-5.85E-05
7.899131993	-5.80E-05
7.901295728	-5.75E-05
7.903459462	-5.70E-05
7.905623197	-5.65E-05
7.907786931	-5.60E-05
7.909950666	-5.56E-05
7.9121144	-5.51E-05
