mu	nt
5.760543635	-7.94E-23
5.762707369	5.29E-23
5.764871104	1.59E-22
5.767034838	1.32E-22
5.769198573	1.32E-22
5.771362307	-2.12E-22
5.773526042	-5.29E-23
5.775689776	-2.12E-22
5.777853511	7.94E-23
5.780017245	4.76E-22
5.78218098	3.71E-22
5.784344714	7.94E-23
5.786508449	-2.12E-22
5.788672183	3.18E-22
5.790835918	3.97E-22
5.792999652	1.06E-22
5.795163387	-5.29E-23
5.797327121	-7.94E-23
5.799490856	-2.38E-22
5.80165459	2.91E-22
5.803818325	-7.94E-23
5.805982059	3.97E-22
5.808145794	-2.65E-23
5.810309528	-1.32E-22
5.812473263	7.94E-23
5.814636997	-5.29E-23
5.816800732	-1.32E-22
5.818964466	-1.85E-22
5.821128201	-3.97E-22
5.823291935	-7.94E-23
5.82545567	-1.59E-22
5.827619404	5.29E-23
5.829783139	1.06E-22
5.831946873	2.12E-22
5.834110608	1.32E-22
5.836274342	-2.65E-23
5.838438077	-1.59E-22
5.840601811	-2.65E-23
5.842765546	-3.71E-22
5.84492928	-3.71E-22
5.847093015	2.65E-22
5.849256749	0.00E+00
5.851420484	-5.29E-23
5.853584218	-2.65E-22
5.855747953	1.59E-22
5.857911687	1.06E-22
5.860075422	-1.59E-22
5.862239156	2.65E-22
5.864402891	-5.29E-23
5.866566625	-5.29E-23
5.86873036	-2.12E-22
5.870894094	2.65E-22
5.873057829	5.29E-23
5.875221563	-5.29E-23
5.877385298	1.59E-22
5.879549032	-4.24E-22
5.881712767	-5.29E-23
5.883876501	-1.59E-22
5.886040236	-3.71E-22
5.88820397	0.00E+00
5.890367705	-2.12E-22
5.892531439	-1.06E-22
5.894695174	-3.71E-22
5.896858908	1.06E-22
5.899022643	5.29E-23
5.901186377	-5.29E-23
5.903350112	-4.24E-22
5.905513846	-5.29E-23
5.907677581	1.59E-22
5.909841315	5.29E-23
5.91200505	-2.12E-22
5.914168784	-1.59E-22
5.916332519	-2.65E-22
5.918496253	-2.12E-22
5.920659988	-5.29E-23
5.922823722	0.00E+00
5.924987457	0.00E+00
5.927151191	0.00E+00
5.929314926	-4.24E-22
5.93147866	1.59E-22
5.933642395	-5.29E-23
5.935806129	-5.29E-23
5.937969864	1.59E-22
5.940133598	1.06E-22
5.942297333	1.06E-22
5.944461067	3.18E-22
5.946624802	1.06E-22
5.948788536	-2.65E-22
5.950952271	2.12E-22
5.953116005	3.71E-22
5.95527974	1.06E-22
5.957443474	2.65E-22
5.959607209	2.12E-22
5.961770943	-5.82E-22
5.963934678	2.65E-22
5.966098412	5.29E-23
5.968262147	0.00E+00
5.970425881	-1.06E-22
5.972589616	0.00E+00
5.97475335	-1.59E-22
5.976917085	5.29E-23
5.979080819	-5.82E-22
5.981244554	2.12E-22
5.983408288	1.06E-22
5.985572023	0.00E+00
5.987735757	-2.12E-22
5.989899492	-1.59E-22
5.992063226	0.00E+00
5.994226961	-2.12E-22
5.996390695	-2.65E-22
5.99855443	1.59E-22
6.000718164	0.00E+00
6.002881899	-5.29E-23
6.005045633	0.00E+00
6.007209368	5.29E-23
6.009373102	-1.59E-22
6.011536837	-1.59E-22
6.013700571	-5.29E-23
6.015864306	1.59E-22
6.01802804	-2.12E-22
6.020191775	2.65E-22
6.022355509	2.12E-22
6.024519244	5.29E-23
6.026682978	2.65E-22
6.028846713	-1.06E-22
6.031010447	5.29E-23
6.033174182	-3.71E-22
6.035337916	2.12E-22
6.037501651	2.65E-22
6.039665385	-5.29E-23
6.04182912	3.18E-22
6.043992854	-3.71E-22
6.046156589	-2.12E-22
6.048320323	-5.29E-23
6.050484058	0.00E+00
6.052647792	1.59E-22
6.054811527	1.06E-22
6.056975261	-2.12E-22
6.059138996	0.00E+00
6.06130273	0.00E+00
6.063466465	-2.12E-22
6.065630199	-3.18E-22
6.067793934	0.00E+00
6.069957668	0.00E+00
6.072121403	2.12E-22
6.074285137	1.06E-22
6.076448872	-2.12E-22
6.078612606	-1.06E-22
6.080776341	7.41E-22
6.082940075	3.18E-22
6.08510381	1.06E-22
6.087267544	-2.12E-22
6.089431279	2.12E-22
6.091595013	1.06E-22
6.093758748	-2.12E-22
6.095922482	1.06E-22
6.098086217	6.35E-22
6.100249951	5.29E-22
6.102413686	-3.18E-22
6.10457742	4.24E-22
6.106741155	2.12E-22
6.108904889	-3.18E-22
6.111068624	-4.24E-22
6.113232358	0.00E+00
6.115396093	2.12E-22
6.117559827	-1.06E-22
6.119723562	0.00E+00
6.121887296	1.06E-22
6.124051031	2.12E-22
6.126214765	-2.12E-22
6.1283785	1.06E-22
6.130542234	0.00E+00
6.132705969	1.06E-22
6.134869703	3.18E-22
6.137033438	4.24E-22
6.139197172	3.18E-22
6.141360907	4.24E-22
6.143524641	-4.24E-22
6.145688376	1.06E-22
6.14785211	3.18E-22
6.150015845	0.00E+00
6.152179579	-4.24E-22
6.154343314	0.00E+00
6.156507048	-2.12E-22
6.158670783	-5.29E-22
6.160834517	0.00E+00
6.162998252	1.06E-22
6.165161986	-3.18E-22
6.167325721	2.12E-22
6.169489455	-2.12E-22
6.17165319	6.35E-22
6.173816924	0.00E+00
6.175980659	6.35E-22
6.178144393	2.12E-22
6.180308128	2.12E-22
6.182471862	-2.12E-22
6.184635597	-4.24E-22
6.186799331	4.24E-22
6.188963066	-6.35E-22
6.1911268	2.12E-22
6.193290535	0.00E+00
6.195454269	-2.12E-22
6.197618004	-4.24E-22
6.199781738	-6.35E-22
6.201945473	-2.12E-22
6.204109207	-6.35E-22
6.206272942	0.00E+00
6.208436676	0.00E+00
6.210600411	0.00E+00
6.212764145	2.12E-22
6.21492788	4.24E-22
6.217091614	2.12E-22
6.219255349	-4.24E-22
6.221419083	0.00E+00
6.223582818	2.12E-22
6.225746552	0.00E+00
6.227910287	-1.06E-21
6.230074021	-8.47E-22
6.232237756	-4.24E-22
6.23440149	-6.35E-22
6.236565225	4.24E-22
6.238728959	4.24E-22
6.240892694	2.12E-22
6.243056428	0.00E+00
6.245220163	-4.24E-22
6.247383897	-8.47E-22
6.249547632	4.24E-22
6.251711366	4.24E-22
6.253875101	0.00E+00
6.256038835	-4.24E-22
6.25820257	-4.24E-22
6.260366304	8.47E-22
6.262530039	-4.24E-22
6.264693773	4.24E-22
6.266857508	-4.24E-22
6.269021242	4.24E-22
6.271184977	8.47E-22
6.273348711	-8.47E-22
6.275512446	0.00E+00
6.27767618	-1.27E-21
6.279839915	-8.47E-22
6.282003649	-8.47E-22
6.284167384	8.47E-22
6.286331118	4.24E-22
6.288494853	4.24E-22
6.290658587	-1.27E-21
6.292822322	1.69E-21
6.294986056	-4.24E-22
6.297149791	0.00E+00
6.299313525	-4.24E-22
6.30147726	4.24E-22
6.303640994	-4.24E-22
6.305804729	-1.27E-21
6.307968463	-4.24E-22
6.310132198	0.00E+00
6.312295932	-2.12E-21
6.314459667	-8.47E-22
6.316623401	-1.69E-21
6.318787136	-1.69E-21
6.32095087	1.69E-21
6.323114605	-8.47E-22
6.325278339	0.00E+00
6.327442074	-8.47E-22
6.329605808	0.00E+00
6.331769543	-1.69E-21
6.333933277	-1.69E-21
6.336097012	1.69E-21
6.338260746	8.47E-22
6.340424481	-1.69E-21
6.342588215	-8.47E-22
6.34475195	-1.69E-21
6.346915684	8.47E-22
6.349079419	1.69E-21
6.351243153	1.69E-21
6.353406888	-8.47E-22
6.355570622	-2.54E-21
6.357734357	-8.47E-22
6.359898091	-8.47E-22
6.362061826	-8.47E-22
6.36422556	-1.69E-21
6.366389295	0.00E+00
6.368553029	-1.69E-21
6.370716764	1.69E-21
6.372880498	8.47E-22
6.375044233	3.39E-21
6.377207967	6.78E-21
6.379371702	3.39E-21
6.381535436	6.78E-21
6.383699171	6.78E-21
6.385862905	1.02E-20
6.38802664	1.36E-20
6.390190374	1.78E-20
6.392354109	1.69E-20
6.394517843	2.71E-20
6.396681578	3.30E-20
6.398845312	4.15E-20
6.401009047	4.32E-20
6.403172781	5.34E-20
6.405336516	6.01E-20
6.40750025	7.28E-20
6.409663985	9.23E-20
6.411827719	1.10E-19
6.413991454	1.27E-19
6.416155188	1.47E-19
6.418318923	1.81E-19
6.420482657	2.13E-19
6.422646392	2.48E-19
6.424810126	3.02E-19
6.426973861	3.54E-19
6.429137595	4.22E-19
6.43130133	5.00E-19
6.433465064	5.90E-19
6.435628799	6.99E-19
6.437792533	8.27E-19
6.439956268	9.67E-19
6.442120002	1.15E-18
6.444283737	1.37E-18
6.446447471	1.61E-18
6.448611206	1.90E-18
6.45077494	2.25E-18
6.452938675	2.67E-18
6.455102409	3.15E-18
6.457266144	3.73E-18
6.459429878	4.41E-18
6.461593613	5.21E-18
6.463757347	6.16E-18
6.465921082	7.27E-18
6.468084816	8.61E-18
6.470248551	1.02E-17
6.472412285	1.20E-17
6.47457602	1.42E-17
6.476739754	1.68E-17
6.478903489	1.99E-17
6.481067223	2.35E-17
6.483230958	2.78E-17
6.485394692	3.29E-17
6.487558427	3.88E-17
6.489722161	4.59E-17
6.491885896	5.43E-17
6.49404963	6.42E-17
6.496213365	7.59E-17
6.498377099	8.97E-17
6.500540834	1.06E-16
6.502704568	1.25E-16
6.504868303	1.48E-16
6.507032037	1.75E-16
6.509195772	2.07E-16
6.511359506	2.45E-16
6.513523241	2.90E-16
6.515686975	3.42E-16
6.51785071	4.05E-16
6.520014444	4.79E-16
6.522178179	5.66E-16
6.524341913	6.69E-16
6.526505648	7.91E-16
6.528669382	9.35E-16
6.530833117	1.11E-15
6.532996851	1.31E-15
6.535160586	1.54E-15
6.53732432	1.83E-15
6.539488055	2.16E-15
6.541651789	2.55E-15
6.543815524	3.02E-15
6.545979258	3.57E-15
6.548142993	4.22E-15
6.550306727	4.99E-15
6.552470462	5.89E-15
6.554634196	6.97E-15
6.556797931	8.24E-15
6.558961665	9.74E-15
6.5611254	1.15E-14
6.563289134	1.36E-14
6.565452869	1.61E-14
6.567616603	1.90E-14
6.569780338	2.25E-14
6.571944072	2.66E-14
6.574107807	3.14E-14
6.576271541	3.72E-14
6.578435276	4.39E-14
6.58059901	5.19E-14
6.582762745	6.14E-14
6.584926479	7.26E-14
6.587090214	8.58E-14
6.589253948	1.01E-13
6.591417683	1.20E-13
6.593581417	1.42E-13
6.595745152	1.68E-13
6.597908886	1.98E-13
6.600072621	2.34E-13
6.602236355	2.77E-13
6.60440009	3.28E-13
6.606563824	3.87E-13
6.608727559	4.58E-13
6.610891293	5.41E-13
6.613055028	6.40E-13
6.615218762	7.56E-13
6.617382497	8.94E-13
6.619546231	1.06E-12
6.621709966	1.25E-12
6.6238737	1.48E-12
6.626037435	1.75E-12
6.628201169	2.07E-12
6.630364904	2.44E-12
6.632528638	2.89E-12
6.634692373	3.41E-12
6.636856107	4.03E-12
6.639019842	4.77E-12
6.641183576	5.64E-12
6.643347311	6.67E-12
6.645511045	7.88E-12
6.64767478	9.32E-12
6.649838514	1.10E-11
6.652002249	1.30E-11
6.654165983	1.54E-11
6.656329718	1.82E-11
6.658493452	2.15E-11
6.660657187	2.54E-11
6.662820921	3.01E-11
6.664984656	3.56E-11
6.66714839	4.20E-11
6.669312125	4.97E-11
6.671475859	5.87E-11
6.673639594	6.95E-11
6.675803328	8.21E-11
6.677967063	9.71E-11
6.680130797	1.15E-10
6.682294532	1.36E-10
6.684458266	1.60E-10
6.686622001	1.90E-10
6.688785735	2.24E-10
6.69094947	2.65E-10
6.693113204	3.13E-10
6.695276939	3.70E-10
6.697440673	4.38E-10
6.699604408	5.18E-10
6.701768142	6.12E-10
6.703931877	7.24E-10
6.706095611	8.55E-10
6.708259346	1.01E-09
6.71042308	1.20E-09
6.712586815	1.41E-09
6.714750549	1.67E-09
6.716914284	1.98E-09
6.719078018	2.34E-09
6.721241753	2.76E-09
6.723405487	3.26E-09
6.725569222	3.86E-09
6.727732956	4.56E-09
6.729896691	5.39E-09
6.732060425	6.38E-09
6.73422416	7.54E-09
6.736387894	8.91E-09
6.738551629	1.05E-08
6.740715363	1.25E-08
6.742879098	1.47E-08
6.745042832	1.74E-08
6.747206567	2.06E-08
6.749370301	2.43E-08
6.751534036	2.88E-08
6.75369777	3.40E-08
6.755861505	4.02E-08
6.758025239	4.75E-08
6.760188974	5.62E-08
6.762352708	6.64E-08
6.764516443	7.85E-08
6.766680177	9.27E-08
6.768843912	1.10E-07
6.771007646	1.30E-07
6.773171381	1.53E-07
6.775335115	1.81E-07
6.77749885	2.14E-07
6.779662584	2.53E-07
6.781826319	2.99E-07
6.783990053	3.53E-07
6.786153788	4.17E-07
6.788317522	4.92E-07
6.790481257	5.81E-07
6.792644991	6.86E-07
6.794808726	8.09E-07
6.79697246	9.55E-07
6.799136195	1.13E-06
6.801299929	1.33E-06
6.803463664	1.56E-06
6.805627398	1.84E-06
6.807791133	2.17E-06
6.809954867	2.55E-06
6.812118602	3.00E-06
6.814282336	3.51E-06
6.816446071	4.12E-06
6.818609805	4.82E-06
6.82077354	5.63E-06
6.822937274	6.56E-06
6.825101009	7.62E-06
6.827264743	8.84E-06
6.829428478	1.02E-05
6.831592212	1.17E-05
6.833755947	1.35E-05
6.835919681	1.53E-05
6.838083416	1.74E-05
6.84024715	1.96E-05
6.842410885	2.19E-05
6.844574619	2.42E-05
6.846738354	2.66E-05
6.848902088	2.89E-05
6.851065823	3.11E-05
6.853229557	3.31E-05
6.855393292	3.47E-05
6.857557026	3.60E-05
6.859720761	3.67E-05
6.861884495	3.70E-05
6.86404823	3.68E-05
6.866211964	3.60E-05
6.868375699	3.48E-05
6.870539433	3.32E-05
6.872703168	3.13E-05
6.874866902	2.91E-05
6.877030637	2.68E-05
6.879194371	2.44E-05
6.881358106	2.21E-05
6.88352184	1.98E-05
6.885685575	1.75E-05
6.887849309	1.55E-05
6.890013044	1.36E-05
6.892176778	1.18E-05
6.894340513	1.03E-05
6.896504247	8.90E-06
6.898667982	7.67E-06
6.900831716	6.58E-06
6.902995451	5.64E-06
6.905159185	4.82E-06
6.90732292	4.10E-06
6.909486654	3.49E-06
6.911650389	2.96E-06
6.913814123	2.51E-06
6.915977858	2.12E-06
6.918141592	1.79E-06
6.920305327	1.50E-06
6.922469061	1.26E-06
6.924632796	1.06E-06
6.92679653	8.81E-07
6.928960265	7.33E-07
6.931123999	6.07E-07
6.933287734	5.00E-07
6.935451468	4.10E-07
6.937615203	3.33E-07
6.939778937	2.68E-07
6.941942672	2.12E-07
6.944106406	1.66E-07
6.946270141	1.26E-07
6.948433875	9.25E-08
6.95059761	6.41E-08
6.952761344	4.01E-08
6.954925079	1.97E-08
6.957088813	2.52E-09
6.959252548	-1.20E-08
6.961416282	-2.44E-08
6.963580017	-3.48E-08
6.965743751	-4.36E-08
6.967907486	-5.11E-08
6.97007122	-5.74E-08
6.972234955	-6.27E-08
6.974398689	-6.72E-08
6.976562424	-7.11E-08
6.978726158	-7.43E-08
6.980889893	-7.70E-08
6.983053627	-7.93E-08
6.985217362	-8.13E-08
6.987381096	-8.29E-08
6.989544831	-8.43E-08
6.991708565	-8.55E-08
6.9938723	-8.65E-08
6.996036034	-8.74E-08
6.998199769	-8.81E-08
7.000363503	-8.87E-08
7.002527238	-8.92E-08
7.004690972	-8.97E-08
7.006854707	-9.00E-08
7.009018441	-9.03E-08
7.011182176	-9.06E-08
7.01334591	-9.08E-08
7.015509645	-9.10E-08
7.017673379	-9.12E-08
7.019837114	-9.13E-08
7.022000848	-9.14E-08
7.024164583	-9.15E-08
7.026328317	-9.16E-08
7.028492052	-9.17E-08
7.030655786	-9.17E-08
7.032819521	-9.18E-08
7.034983255	-9.18E-08
7.03714699	-9.18E-08
7.039310724	-9.19E-08
7.041474459	-9.19E-08
7.043638193	-9.19E-08
7.045801928	-9.19E-08
7.047965662	-9.19E-08
7.050129397	-9.20E-08
7.052293131	-9.20E-08
7.054456866	-9.20E-08
7.0566206	-9.20E-08
7.058784335	-9.20E-08
7.060948069	-9.20E-08
7.063111804	-9.20E-08
7.065275538	-9.20E-08
7.067439273	-9.20E-08
7.069603007	-9.20E-08
7.071766742	-9.20E-08
7.073930476	-9.20E-08
7.076094211	-9.20E-08
7.078257945	-9.20E-08
7.08042168	-9.20E-08
7.082585414	-9.20E-08
7.084749149	-9.20E-08
7.086912883	-9.20E-08
7.089076618	-9.20E-08
7.091240352	-9.20E-08
7.093404087	-9.20E-08
7.095567821	-9.20E-08
7.097731556	-9.20E-08
7.09989529	-9.20E-08
7.102059025	-9.20E-08
7.104222759	-9.20E-08
7.106386494	-9.20E-08
7.108550228	-9.20E-08
7.110713963	-9.20E-08
7.112877697	-9.20E-08
7.115041432	-9.20E-08
7.117205166	-9.20E-08
7.119368901	-9.20E-08
7.121532635	-9.20E-08
7.12369637	-9.20E-08
7.125860104	-9.20E-08
7.128023839	-9.20E-08
7.130187573	-9.20E-08
7.132351308	-9.20E-08
7.134515042	-9.20E-08
7.136678777	-9.20E-08
7.138842511	-9.20E-08
7.141006246	-9.20E-08
7.14316998	-9.20E-08
7.145333715	-9.20E-08
7.147497449	-9.20E-08
7.149661184	-9.20E-08
7.151824918	-9.20E-08
7.153988653	-9.20E-08
7.156152387	-9.20E-08
7.158316122	-9.20E-08
7.160479856	-9.20E-08
7.162643591	-9.20E-08
7.164807325	-9.20E-08
7.16697106	-9.20E-08
7.169134794	-9.20E-08
7.171298529	-9.20E-08
7.173462263	-9.20E-08
7.175625998	-9.20E-08
7.177789732	-9.20E-08
7.179953467	-9.20E-08
7.182117201	-9.20E-08
7.184280936	-9.20E-08
7.18644467	-9.20E-08
7.188608405	-9.20E-08
7.190772139	-9.20E-08
7.192935874	-9.20E-08
7.195099608	-9.20E-08
7.197263343	-9.20E-08
7.199427077	-9.20E-08
7.201590812	-9.20E-08
7.203754546	-9.20E-08
7.205918281	-9.20E-08
7.208082015	-9.20E-08
7.21024575	-9.20E-08
7.212409484	-9.20E-08
7.214573219	-9.20E-08
7.216736953	-9.20E-08
7.218900688	-9.20E-08
7.221064422	-9.20E-08
7.223228157	-9.20E-08
7.225391891	-9.20E-08
7.227555626	-9.20E-08
7.22971936	-9.20E-08
7.231883095	-9.20E-08
7.234046829	-9.20E-08
7.236210564	-9.20E-08
7.238374298	-9.20E-08
7.240538033	-9.20E-08
7.242701767	-9.20E-08
7.244865502	-9.20E-08
7.247029236	-9.20E-08
7.249192971	-9.20E-08
7.251356705	-9.20E-08
7.25352044	-9.20E-08
7.255684174	-9.20E-08
7.257847909	-9.20E-08
7.260011643	-9.20E-08
7.262175378	-9.20E-08
7.264339112	-9.20E-08
7.266502847	-9.20E-08
7.268666581	-9.20E-08
7.270830316	-9.20E-08
7.27299405	-9.20E-08
7.275157785	-9.20E-08
7.277321519	-9.20E-08
7.279485254	-9.20E-08
7.281648988	-9.20E-08
7.283812723	-9.20E-08
7.285976457	-9.20E-08
7.288140192	-9.20E-08
7.290303926	-9.21E-08
7.292467661	-9.21E-08
7.294631395	-9.21E-08
7.29679513	-9.21E-08
7.298958864	-9.21E-08
7.301122599	-9.21E-08
7.303286333	-9.21E-08
7.305450068	-9.21E-08
7.307613802	-9.21E-08
7.309777537	-9.21E-08
7.311941271	-9.21E-08
7.314105006	-9.21E-08
7.31626874	-9.21E-08
7.318432475	-9.21E-08
7.320596209	-9.21E-08
7.322759944	-9.21E-08
7.324923678	-9.21E-08
7.327087413	-9.21E-08
7.329251147	-9.21E-08
7.331414882	-9.21E-08
7.333578616	-9.21E-08
7.335742351	-9.21E-08
7.337906085	-9.21E-08
7.34006982	-9.22E-08
7.342233554	-9.22E-08
7.344397289	-9.22E-08
7.346561023	-9.22E-08
7.348724758	-9.22E-08
7.350888492	-9.22E-08
7.353052227	-9.22E-08
7.355215961	-9.22E-08
7.357379696	-9.23E-08
7.35954343	-9.23E-08
7.361707165	-9.23E-08
7.363870899	-9.23E-08
7.366034634	-9.24E-08
7.368198368	-9.24E-08
7.370362103	-9.24E-08
7.372525837	-9.24E-08
7.374689572	-9.25E-08
7.376853306	-9.25E-08
7.379017041	-9.26E-08
7.381180775	-9.26E-08
7.38334451	-9.26E-08
7.385508244	-9.27E-08
7.387671979	-9.27E-08
7.389835713	-9.28E-08
7.391999448	-9.29E-08
7.394163182	-9.29E-08
7.396326917	-9.30E-08
7.398490651	-9.31E-08
7.400654386	-9.31E-08
7.40281812	-9.32E-08
7.404981855	-9.33E-08
7.407145589	-9.34E-08
7.409309324	-9.35E-08
7.411473058	-9.36E-08
7.413636793	-9.37E-08
7.415800527	-9.38E-08
7.417964262	-9.39E-08
7.420127996	-9.40E-08
7.422291731	-9.42E-08
7.424455465	-9.43E-08
7.4266192	-9.44E-08
7.428782934	-9.46E-08
7.430946669	-9.47E-08
7.433110403	-9.49E-08
7.435274138	-9.50E-08
7.437437872	-9.52E-08
7.439601607	-9.54E-08
7.441765341	-9.55E-08
7.443929076	-9.57E-08
7.44609281	-9.59E-08
7.448256545	-9.60E-08
7.450420279	-9.62E-08
7.452584014	-9.64E-08
7.454747748	-9.65E-08
7.456911483	-9.67E-08
7.459075217	-9.69E-08
7.461238952	-9.71E-08
7.463402686	-9.72E-08
7.465566421	-9.74E-08
7.467730155	-9.76E-08
7.46989389	-9.78E-08
7.472057624	-9.79E-08
7.474221359	-9.81E-08
7.476385093	-9.82E-08
7.478548828	-9.84E-08
7.480712562	-9.86E-08
7.482876297	-9.87E-08
7.485040031	-9.89E-08
7.487203766	-9.90E-08
7.4893675	-9.91E-08
7.491531235	-9.93E-08
7.493694969	-9.94E-08
7.495858704	-9.95E-08
7.498022438	-9.96E-08
7.500186173	-9.97E-08
7.502349907	-9.98E-08
7.504513642	-9.99E-08
7.506677376	-1.00E-07
7.508841111	-1.00E-07
7.511004845	-1.00E-07
7.51316858	-1.00E-07
7.515332314	-1.00E-07
7.517496049	-1.00E-07
7.519659783	-1.00E-07
7.521823518	-1.01E-07
7.523987252	-1.01E-07
7.526150987	-1.01E-07
7.528314721	-1.01E-07
7.530478456	-1.01E-07
7.53264219	-1.01E-07
7.534805925	-1.01E-07
7.536969659	-1.01E-07
7.539133394	-1.01E-07
7.541297128	-1.01E-07
7.543460863	-1.01E-07
7.545624597	-1.01E-07
7.547788332	-1.01E-07
7.549952066	-1.01E-07
7.552115801	-1.01E-07
7.554279535	-1.01E-07
7.55644327	-1.01E-07
7.558607004	-1.01E-07
7.560770739	-1.00E-07
7.562934473	-1.00E-07
7.565098208	-1.00E-07
7.567261942	-1.00E-07
7.569425677	-1.00E-07
7.571589411	-1.00E-07
7.573753146	-1.00E-07
7.57591688	-1.00E-07
7.578080615	-1.00E-07
7.580244349	-9.99E-08
7.582408084	-9.98E-08
7.584571818	-9.97E-08
7.586735553	-9.96E-08
7.588899287	-9.95E-08
7.591063022	-9.94E-08
7.593226756	-9.93E-08
7.595390491	-9.92E-08
7.597554225	-9.91E-08
7.59971796	-9.89E-08
7.601881694	-9.88E-08
7.604045429	-9.87E-08
7.606209163	-9.86E-08
7.608372898	-9.84E-08
7.610536632	-9.83E-08
7.612700367	-9.82E-08
7.614864101	-9.81E-08
7.617027836	-9.79E-08
7.61919157	-9.78E-08
7.621355305	-9.76E-08
7.623519039	-9.75E-08
7.625682774	-9.73E-08
7.627846508	-9.72E-08
7.630010243	-9.70E-08
7.632173977	-9.69E-08
7.634337712	-9.67E-08
7.636501446	-9.66E-08
7.638665181	-9.64E-08
7.640828915	-9.63E-08
7.64299265	-9.61E-08
7.645156384	-9.60E-08
7.647320119	-9.58E-08
7.649483853	-9.56E-08
7.651647588	-9.55E-08
7.653811322	-9.53E-08
7.655975057	-9.51E-08
7.658138791	-9.50E-08
7.660302526	-9.48E-08
7.66246626	-9.46E-08
7.664629995	-9.44E-08
7.666793729	-9.43E-08
7.668957464	-9.41E-08
7.671121198	-9.39E-08
7.673284933	-9.37E-08
7.675448667	-9.36E-08
7.677612402	-9.34E-08
7.679776136	-9.32E-08
7.681939871	-9.30E-08
7.684103605	-9.29E-08
7.68626734	-9.27E-08
7.688431074	-9.25E-08
7.690594809	-9.23E-08
7.692758543	-9.21E-08
7.694922278	-9.20E-08
7.697086012	-9.18E-08
7.699249747	-9.16E-08
7.701413481	-9.14E-08
7.703577216	-9.12E-08
7.70574095	-9.11E-08
7.707904685	-9.09E-08
7.710068419	-9.07E-08
7.712232154	-9.05E-08
7.714395888	-9.03E-08
7.716559623	-9.01E-08
7.718723357	-8.99E-08
7.720887092	-8.98E-08
7.723050826	-8.96E-08
7.725214561	-8.94E-08
7.727378295	-8.92E-08
7.72954203	-8.90E-08
7.731705764	-8.88E-08
7.733869499	-8.87E-08
7.736033233	-8.85E-08
7.738196968	-8.83E-08
7.740360702	-8.81E-08
7.742524437	-8.79E-08
7.744688171	-8.77E-08
7.746851906	-8.75E-08
7.74901564	-8.74E-08
7.751179375	-8.72E-08
7.753343109	-8.70E-08
7.755506844	-8.68E-08
7.757670578	-8.66E-08
7.759834313	-8.64E-08
7.761998047	-8.63E-08
7.764161782	-8.61E-08
7.766325516	-8.59E-08
7.768489251	-8.57E-08
7.770652985	-8.55E-08
7.77281672	-8.53E-08
7.774980454	-8.51E-08
7.777144189	-8.50E-08
7.779307923	-8.48E-08
7.781471658	-8.46E-08
7.783635392	-8.44E-08
7.785799127	-8.42E-08
7.787962861	-8.41E-08
7.790126596	-8.39E-08
7.79229033	-8.37E-08
7.794454065	-8.35E-08
7.796617799	-8.33E-08
7.798781534	-8.31E-08
7.800945268	-8.30E-08
7.803109003	-8.28E-08
7.805272737	-8.26E-08
7.807436472	-8.24E-08
7.809600206	-8.23E-08
7.811763941	-8.21E-08
7.813927675	-8.19E-08
7.81609141	-8.17E-08
7.818255144	-8.15E-08
7.820418879	-8.14E-08
7.822582613	-8.12E-08
7.824746348	-8.10E-08
7.826910082	-8.08E-08
7.829073817	-8.07E-08
7.831237551	-8.05E-08
7.833401286	-8.03E-08
7.83556502	-8.01E-08
7.837728755	-8.00E-08
7.839892489	-7.98E-08
7.842056224	-7.96E-08
7.844219958	-7.94E-08
7.846383693	-7.93E-08
7.848547427	-7.91E-08
7.850711162	-7.89E-08
7.852874896	-7.87E-08
7.855038631	-7.86E-08
7.857202365	-7.84E-08
7.8593661	-7.82E-08
7.861529834	-7.81E-08
7.863693569	-7.79E-08
7.865857303	-7.77E-08
7.868021038	-7.76E-08
7.870184772	-7.74E-08
7.872348507	-7.72E-08
7.874512241	-7.71E-08
7.876675976	-7.69E-08
7.87883971	-7.67E-08
7.881003445	-7.66E-08
7.883167179	-7.64E-08
7.885330914	-7.62E-08
7.887494648	-7.61E-08
7.889658383	-7.59E-08
7.891822117	-7.57E-08
7.893985852	-7.56E-08
7.896149586	-7.54E-08
7.898313321	-7.52E-08
7.900477055	-7.51E-08
7.90264079	-7.49E-08
7.904804524	-7.47E-08
7.906968259	-7.46E-08
7.909131993	-7.44E-08
7.911295728	-7.43E-08
7.913459462	-7.41E-08
7.915623197	-7.39E-08
7.917786931	-7.38E-08
7.919950666	-7.36E-08
7.9221144	-7.35E-08
